[2B] HIEU CHINH ACCELEROMETER (6-position method)
Chuan bi 6 vi tri cam bien, moi vi tri lay 200 mau.
Bam phim bat ky de chuyen sang vi tri tiep theo.


Pos 1 - Z HUONG LEN   (mat cam bien nhin len tran)  → Az ≈ +1g
>> Dat dung vi tri roi nhan phim bat ky:
0.0688,0.0083,0.9536
0.0675,0.0072,0.9565
0.0688,0.0071,0.9552
0.0676,0.0073,0.9570
0.0686,0.0052,0.9550
0.0660,0.0060,0.9562
0.0679,0.0049,0.9581
0.0690,0.0068,0.9563
0.0675,0.0028,0.9556
0.0660,0.0062,0.9532
0.0668,0.0068,0.9548
0.0668,0.0063,0.9515
0.0656,0.0078,0.9578
0.0684,0.0077,0.9534
0.0697,0.0070,0.9546
0.0665,0.0082,0.9557
0.0679,0.0049,0.9559
0.0688,0.0050,0.9585
0.0697,0.0087,0.9528
0.0681,0.0071,0.9580
0.0687,0.0063,0.9574
0.0670,0.0057,0.9554
0.0687,0.0092,0.9545
0.0664,0.0079,0.9539
0.0685,0.0067,0.9525
0.0668,0.0089,0.9539
0.0685,0.0067,0.9556
0.0690,0.0054,0.9552
0.0686,0.0066,0.9561
0.0688,0.0055,0.9581
0.0684,0.0072,0.9573
0.0695,0.0065,0.9559
0.0681,0.0054,0.9537
0.0677,0.0027,0.9554
0.0675,0.0079,0.9521
0.0665,0.0068,0.9563
0.0658,0.0054,0.9559
0.0673,0.0076,0.9541
0.0674,0.0038,0.9539
0.0669,0.0070,0.9534
0.0686,0.0052,0.9561
0.0675,0.0048,0.9564
0.0690,0.0056,0.9564
0.0696,0.0067,0.9557
0.0688,0.0060,0.9563
0.0695,0.0046,0.9524
0.0693,0.0050,0.9563
0.0693,0.0046,0.9542
0.0684,0.0068,0.9564
0.0658,0.0061,0.9556
0.0679,0.0061,0.9542
0.0664,0.0060,0.9563
0.0668,0.0077,0.9551
0.0703,0.0073,0.9556
0.0654,0.0079,0.9573
0.0680,0.0068,0.9567
0.0685,0.0072,0.9518
0.0698,0.0093,0.9513
0.0669,0.0089,0.9574
0.0658,0.0054,0.9556
0.0679,0.0035,0.9585
0.0684,0.0033,0.9561
0.0674,0.0039,0.9535
0.0693,0.0050,0.9550
0.0680,0.0060,0.9548
0.0695,0.0059,0.9557
0.0677,0.0071,0.9595
0.0670,0.0065,0.9583
0.0677,0.0071,0.9564
0.0677,0.0077,0.9574
0.0688,0.0035,0.9572
0.0673,0.0054,0.9534
0.0670,0.0059,0.9572
0.0688,0.0059,0.9568
0.0703,0.0061,0.9564
0.0701,0.0046,0.9562
0.0696,0.0055,0.9567
0.0659,0.0111,0.9567
0.0657,0.0082,0.9570
0.0682,0.0050,0.9567
0.0691,0.0060,0.9531
0.0707,0.0065,0.9570
0.0695,0.0055,0.9562
0.0664,0.0070,0.9559
0.0692,0.0079,0.9561
0.0680,0.0090,0.9552
0.0669,0.0028,0.9567
0.0660,0.0063,0.9573
0.0662,0.0040,0.9532
0.0677,0.0077,0.9520
0.0660,0.0061,0.9547
0.0671,0.0043,0.9545
0.0670,0.0050,0.9543
0.0676,0.0072,0.9528
0.0696,0.0082,0.9569
0.0681,0.0072,0.9545
0.0659,0.0073,0.9534
0.0687,0.0078,0.9535
0.0714,0.0039,0.9535
0.0663,0.0044,0.9523
0.0687,0.0072,0.9572
0.0679,0.0076,0.9534
0.0682,0.0048,0.9548
0.0703,0.0079,0.9570
0.0697,0.0061,0.9535
0.0713,0.0052,0.9574
0.0690,0.0074,0.9575
0.0691,0.0052,0.9557
0.0681,0.0056,0.9589
0.0681,0.0062,0.9557
0.0675,0.0074,0.9600
0.0676,0.0063,0.9580
0.0673,0.0049,0.9580
0.0698,0.0057,0.9552
0.0677,0.0066,0.9537
0.0687,0.0071,0.9576
0.0670,0.0094,0.9551
0.0669,0.0052,0.9575
0.0679,0.0049,0.9537
0.0667,0.0055,0.9525
0.0677,0.0051,0.9545
0.0670,0.0028,0.9587
0.0688,0.0084,0.9567
0.0670,0.0073,0.9565
0.0706,0.0050,0.9554
0.0680,0.0093,0.9563
0.0708,0.0054,0.9545
0.0703,0.0057,0.9584
0.0673,0.0066,0.9590
0.0675,0.0065,0.9563
0.0701,0.0059,0.9559
0.0701,0.0050,0.9551
0.0670,0.0067,0.9543
0.0682,0.0037,0.9559
0.0645,0.0052,0.9570
0.0679,0.0082,0.9585
0.0668,0.0056,0.9576
0.0679,0.0054,0.9552
0.0674,0.0078,0.9581
0.0670,0.0046,0.9565
0.0668,0.0071,0.9564
0.0664,0.0073,0.9562
0.0673,0.0044,0.9562
0.0704,0.0061,0.9557
0.0699,0.0049,0.9564
0.0675,0.0067,0.9543
0.0667,0.0087,0.9508
0.0675,0.0081,0.9563
0.0670,0.0059,0.9528
0.0671,0.0084,0.9543
0.0660,0.0061,0.9569
0.0663,0.0059,0.9558
0.0701,0.0054,0.9558
0.0668,0.0081,0.9553
0.0687,0.0071,0.9556
0.0686,0.0052,0.9536
0.0680,0.0054,0.9594
0.0643,0.0052,0.9563
0.0671,0.0081,0.9536
0.0708,0.0062,0.9550
0.0707,0.0067,0.9572
0.0656,0.0049,0.9564
0.0671,0.0067,0.9574
0.0668,0.0042,0.9543
0.0674,0.0062,0.9523
0.0663,0.0052,0.9526
0.0677,0.0074,0.9572
0.0679,0.0042,0.9576
0.0713,0.0067,0.9556
0.0688,0.0094,0.9564
0.0667,0.0067,0.9552
0.0653,0.0079,0.9539
0.0691,0.0057,0.9562
0.0684,0.0051,0.9565
0.0674,0.0060,0.9537
0.0698,0.0073,0.9576
0.0674,0.0063,0.9546
0.0696,0.0089,0.9524
0.0684,0.0083,0.9552
0.0688,0.0052,0.9553
0.0680,0.0034,0.9559
0.0684,0.0059,0.9564
0.0674,0.0055,0.9557
0.0691,0.0059,0.9567
0.0677,0.0043,0.9567
0.0657,0.0068,0.9565
0.0686,0.0052,0.9556
0.0679,0.0065,0.9550
0.0663,0.0087,0.9534
0.0681,0.0056,0.9558
0.0676,0.0068,0.9561
0.0671,0.0039,0.9556
0.0687,0.0049,0.9583
0.0696,0.0049,0.9546
0.0682,0.0056,0.9559
0.0674,0.0059,0.9556
0.0673,0.0042,0.9561
0.0670,0.0052,0.9546
0.0665,0.0054,0.9551
0.0679,0.0083,0.9531
  Ax=0.0680  Ay=0.0062  Az=0.9556

Pos 2 - Z HUONG XUONG (lat nguoc, mat nhin xuong)   → Az ≈ -1g
>> Dat dung vi tri roi nhan phim bat ky:
-0.0167,0.0234,-1.0724
-0.0194,0.0259,-1.0741
-0.0175,0.0221,-1.0743
-0.0186,0.0244,-1.0674
-0.0170,0.0237,-1.0627
-0.0170,0.0228,-1.0638
-0.0189,0.0270,-1.0789
-0.0210,0.0249,-1.0741
-0.0217,0.0231,-1.0684
-0.0200,0.0262,-1.0726
-0.0189,0.0264,-1.0825
-0.0217,0.0260,-1.0735
-0.0189,0.0240,-1.0649
-0.0192,0.0242,-1.0682
-0.0178,0.0243,-1.0708
-0.0151,0.0258,-1.0792
-0.0157,0.0247,-1.0703
-0.0172,0.0223,-1.0634
-0.0181,0.0238,-1.0662
-0.0183,0.0259,-1.0706
-0.0190,0.0245,-1.0747
-0.0166,0.0259,-1.0757
-0.0179,0.0255,-1.0758
-0.0159,0.0261,-1.0696
-0.0148,0.0225,-1.0681
-0.0170,0.0240,-1.0675
-0.0172,0.0255,-1.0734
-0.0160,0.0248,-1.0729
-0.0183,0.0259,-1.0730
-0.0138,0.0270,-1.0679
-0.0151,0.0280,-1.0723
-0.0172,0.0251,-1.0768
-0.0190,0.0288,-1.0739
-0.0151,0.0239,-1.0712
-0.0171,0.0234,-1.0692
-0.0159,0.0245,-1.0731
-0.0171,0.0219,-1.0651
-0.0160,0.0248,-1.0745
-0.0140,0.0259,-1.0662
-0.0165,0.0222,-1.0715
-0.0179,0.0243,-1.0786
-0.0159,0.0240,-1.0767
-0.0165,0.0259,-1.0757
-0.0166,0.0245,-1.0743
-0.0159,0.0220,-1.0708
-0.0157,0.0237,-1.0730
-0.0156,0.0236,-1.0663
-0.0167,0.0258,-1.0696
-0.0155,0.0272,-1.0675
-0.0146,0.0254,-1.0679
-0.0199,0.0221,-1.0736
-0.0184,0.0244,-1.0695
-0.0145,0.0228,-1.0688
-0.0162,0.0266,-1.0696
-0.0182,0.0259,-1.0725
-0.0183,0.0272,-1.0699
-0.0172,0.0231,-1.0671
-0.0198,0.0256,-1.0674
-0.0167,0.0255,-1.0726
-0.0208,0.0260,-1.0758
-0.0210,0.0253,-1.0707
-0.0179,0.0264,-1.0764
-0.0188,0.0267,-1.0712
-0.0233,0.0260,-1.0686
-0.0172,0.0258,-1.0643
-0.0179,0.0237,-1.0714
-0.0173,0.0273,-1.0740
-0.0161,0.0271,-1.0659
-0.0175,0.0249,-1.0656
-0.0172,0.0271,-1.0719
-0.0198,0.0275,-1.0703
-0.0208,0.0250,-1.0734
-0.0211,0.0237,-1.0792
-0.0192,0.0264,-1.0696
-0.0189,0.0265,-1.0669
-0.0172,0.0264,-1.0642
-0.0176,0.0276,-1.0731
-0.0201,0.0256,-1.0695
-0.0188,0.0270,-1.0754
-0.0166,0.0273,-1.0726
-0.0176,0.0249,-1.0682
-0.0206,0.0258,-1.0671
-0.0178,0.0260,-1.0745
-0.0195,0.0259,-1.0659
-0.0176,0.0254,-1.0692
-0.0183,0.0283,-1.0770
-0.0167,0.0265,-1.0627
-0.0172,0.0262,-1.0739
-0.0166,0.0281,-1.0570
-0.0194,0.0276,-1.0724
-0.0168,0.0258,-1.0769
-0.0181,0.0256,-1.0765
-0.0175,0.0282,-1.0668
-0.0209,0.0239,-1.0686
-0.0232,0.0261,-1.0762
-0.0190,0.0275,-1.0673
-0.0219,0.0256,-1.0764
-0.0187,0.0254,-1.0652
-0.0199,0.0264,-1.0681
-0.0186,0.0276,-1.0726
-0.0173,0.0229,-1.0752
-0.0197,0.0264,-1.0684
-0.0166,0.0216,-1.0676
-0.0186,0.0260,-1.0769
-0.0193,0.0255,-1.0691
-0.0168,0.0281,-1.0691
-0.0159,0.0283,-1.0718
-0.0197,0.0237,-1.0769
-0.0186,0.0255,-1.0641
-0.0232,0.0264,-1.0726
-0.0188,0.0260,-1.0695
-0.0187,0.0253,-1.0762
-0.0184,0.0281,-1.0703
-0.0190,0.0286,-1.0693
-0.0195,0.0242,-1.0658
-0.0216,0.0266,-1.0679
-0.0200,0.0281,-1.0723
-0.0193,0.0236,-1.0734
-0.0178,0.0248,-1.0707
-0.0186,0.0259,-1.0687
-0.0159,0.0228,-1.0748
-0.0205,0.0269,-1.0728
-0.0193,0.0267,-1.0695
-0.0194,0.0273,-1.0730
-0.0206,0.0270,-1.0713
-0.0177,0.0286,-1.0753
-0.0182,0.0238,-1.0698
-0.0183,0.0266,-1.0704
-0.0175,0.0234,-1.0662
-0.0198,0.0250,-1.0690
-0.0187,0.0267,-1.0735
-0.0189,0.0266,-1.0684
-0.0197,0.0258,-1.0687
-0.0181,0.0243,-1.0693
-0.0217,0.0281,-1.0757
-0.0167,0.0271,-1.0691
-0.0188,0.0245,-1.0758
-0.0176,0.0273,-1.0710
-0.0177,0.0261,-1.0695
-0.0200,0.0242,-1.0703
-0.0190,0.0259,-1.0690
-0.0187,0.0275,-1.0710
-0.0195,0.0250,-1.0652
-0.0168,0.0270,-1.0718
-0.0181,0.0265,-1.0739
-0.0198,0.0247,-1.0690
-0.0225,0.0272,-1.0746
-0.0181,0.0244,-1.0704
-0.0204,0.0234,-1.0684
-0.0186,0.0280,-1.0720
-0.0176,0.0249,-1.0720
-0.0154,0.0251,-1.0620
-0.0179,0.0258,-1.0728
-0.0183,0.0261,-1.0688
-0.0208,0.0232,-1.0731
-0.0177,0.0255,-1.0654
-0.0182,0.0239,-1.0685
-0.0157,0.0264,-1.0754
-0.0178,0.0267,-1.0693
-0.0162,0.0250,-1.0721
-0.0160,0.0245,-1.0731
-0.0182,0.0292,-1.0735
-0.0176,0.0262,-1.0690
-0.0188,0.0247,-1.0723
-0.0150,0.0248,-1.0688
-0.0188,0.0258,-1.0758
-0.0170,0.0260,-1.0677
-0.0182,0.0273,-1.0707
-0.0162,0.0256,-1.0663
-0.0204,0.0266,-1.0690
-0.0166,0.0269,-1.0697
-0.0181,0.0260,-1.0656
-0.0188,0.0262,-1.0729
-0.0201,0.0256,-1.0704
-0.0182,0.0277,-1.0731
-0.0168,0.0253,-1.0718
-0.0204,0.0261,-1.0745
-0.0182,0.0238,-1.0677
-0.0173,0.0286,-1.0702
-0.0177,0.0225,-1.0691
-0.0179,0.0255,-1.0712
-0.0162,0.0264,-1.0729
-0.0166,0.0260,-1.0697
-0.0166,0.0239,-1.0690
-0.0168,0.0253,-1.0699
-0.0182,0.0238,-1.0682
-0.0170,0.0237,-1.0721
-0.0157,0.0271,-1.0697
-0.0153,0.0267,-1.0687
-0.0155,0.0292,-1.0739
-0.0157,0.0236,-1.0674
-0.0168,0.0245,-1.0635
-0.0181,0.0231,-1.0731
-0.0160,0.0261,-1.0679
-0.0160,0.0240,-1.0670
-0.0167,0.0277,-1.0724
-0.0192,0.0264,-1.0723
-0.0197,0.0261,-1.0712
-0.0201,0.0250,-1.0698
-0.0192,0.0234,-1.0756
  Ax=-0.0181  Ay=0.0256  Az=-1.0708

Pos 3 - X HUONG LEN   (dau truc X nhin len tran)    → Ax ≈ +1g
>> Dat dung vi tri roi nhan phim bat ky:
1.0239,-0.0193,-0.0964
1.0231,-0.0164,-0.0989
1.0226,-0.0184,-0.0992
1.0216,-0.0181,-0.0969
1.0247,-0.0192,-0.0997
1.0239,-0.0183,-0.1035
1.0226,-0.0166,-0.1002
1.0215,-0.0172,-0.0991
1.0204,-0.0150,-0.1017
1.0234,-0.0168,-0.1005
1.0234,-0.0161,-0.0959
1.0220,-0.0171,-0.0975
1.0228,-0.0187,-0.0970
1.0220,-0.0171,-0.1008
1.0227,-0.0161,-0.1003
1.0269,-0.0221,-0.0963
1.0222,-0.0183,-0.0977
1.0244,-0.0173,-0.0985
1.0247,-0.0177,-0.1013
1.0226,-0.0157,-0.0974
1.0245,-0.0144,-0.0997
1.0240,-0.0160,-0.1045
1.0223,-0.0186,-0.1027
1.0220,-0.0166,-0.0972
1.0242,-0.0177,-0.1003
1.0212,-0.0157,-0.0986
1.0223,-0.0189,-0.0996
1.0253,-0.0197,-0.0956
1.0254,-0.0162,-0.1035
1.0229,-0.0171,-0.1006
1.0234,-0.0178,-0.1053
1.0266,-0.0204,-0.0964
1.0245,-0.0181,-0.1006
1.0250,-0.0188,-0.0992
1.0214,-0.0153,-0.1010
1.0259,-0.0146,-0.0983
1.0238,-0.0164,-0.1005
1.0217,-0.0197,-0.1024
1.0240,-0.0179,-0.0990
1.0228,-0.0159,-0.0994
1.0256,-0.0170,-0.1021
1.0238,-0.0166,-0.1002
1.0237,-0.0166,-0.1007
1.0214,-0.0156,-0.0972
1.0221,-0.0186,-0.0991
1.0237,-0.0146,-0.1012
1.0244,-0.0155,-0.0973
1.0208,-0.0199,-0.0991
1.0214,-0.0170,-0.0967
1.0255,-0.0176,-0.1019
1.0245,-0.0161,-0.0992
1.0239,-0.0173,-0.1001
1.0228,-0.0151,-0.0983
1.0221,-0.0188,-0.1000
1.0229,-0.0187,-0.0956
1.0264,-0.0175,-0.1024
1.0259,-0.0201,-0.0968
1.0237,-0.0184,-0.0997
1.0239,-0.0187,-0.1019
1.0233,-0.0197,-0.0999
1.0236,-0.0182,-0.0964
1.0223,-0.0164,-0.0967
1.0251,-0.0161,-0.1010
1.0214,-0.0178,-0.0972
1.0217,-0.0160,-0.1002
1.0240,-0.0193,-0.1028
1.0219,-0.0176,-0.1033
1.0247,-0.0150,-0.0972
1.0238,-0.0181,-0.1017
1.0242,-0.0190,-0.1008
1.0233,-0.0175,-0.0995
1.0209,-0.0171,-0.0981
1.0216,-0.0192,-0.1008
1.0259,-0.0153,-0.1023
1.0244,-0.0150,-0.0981
1.0234,-0.0149,-0.1025
1.0254,-0.0171,-0.1003
1.0245,-0.0172,-0.1011
1.0234,-0.0193,-0.1024
1.0238,-0.0157,-0.1008
1.0243,-0.0184,-0.1014
1.0247,-0.0161,-0.1019
1.0229,-0.0153,-0.0996
1.0225,-0.0165,-0.1013
1.0212,-0.0182,-0.0994
1.0214,-0.0166,-0.0997
1.0201,-0.0165,-0.1000
1.0208,-0.0177,-0.1005
1.0245,-0.0157,-0.1034
1.0262,-0.0178,-0.1016
1.0254,-0.0153,-0.1012
1.0248,-0.0192,-0.0994
1.0223,-0.0171,-0.0972
1.0245,-0.0190,-0.1007
1.0214,-0.0177,-0.1019
1.0236,-0.0179,-0.0999
1.0223,-0.0164,-0.1014
1.0254,-0.0179,-0.0977
1.0234,-0.0181,-0.1010
1.0225,-0.0183,-0.0988
1.0249,-0.0192,-0.1002
1.0243,-0.0190,-0.0985
1.0210,-0.0160,-0.1021
1.0201,-0.0164,-0.0997
1.0210,-0.0173,-0.0995
1.0238,-0.0155,-0.0999
1.0219,-0.0167,-0.0981
1.0216,-0.0149,-0.0979
1.0239,-0.0170,-0.1008
1.0233,-0.0156,-0.1018
1.0248,-0.0172,-0.0988
1.0205,-0.0164,-0.0995
1.0232,-0.0175,-0.0990
1.0208,-0.0177,-0.0985
1.0216,-0.0172,-0.0991
1.0242,-0.0179,-0.1025
1.0214,-0.0165,-0.1023
1.0234,-0.0190,-0.1005
1.0253,-0.0223,-0.1014
1.0232,-0.0182,-0.1025
1.0238,-0.0155,-0.1002
1.0226,-0.0178,-0.0999
1.0242,-0.0156,-0.0984
1.0232,-0.0171,-0.0988
1.0243,-0.0165,-0.0968
1.0226,-0.0183,-0.1000
1.0242,-0.0164,-0.0996
1.0231,-0.0197,-0.0967
1.0222,-0.0167,-0.0988
1.0240,-0.0170,-0.0981
1.0219,-0.0155,-0.0981
1.0212,-0.0166,-0.1002
1.0236,-0.0173,-0.0995
1.0236,-0.0186,-0.0969
1.0248,-0.0181,-0.1005
1.0280,-0.0201,-0.1005
1.0243,-0.0177,-0.1027
1.0240,-0.0151,-0.1028
1.0236,-0.0188,-0.1005
1.0245,-0.0186,-0.0991
1.0243,-0.0159,-0.0967
1.0243,-0.0170,-0.1021
1.0239,-0.0181,-0.1002
1.0242,-0.0192,-0.0985
1.0248,-0.0182,-0.1000
1.0242,-0.0178,-0.1023
1.0249,-0.0164,-0.0992
1.0232,-0.0178,-0.0995
1.0264,-0.0182,-0.0984
1.0251,-0.0162,-0.0958
1.0237,-0.0149,-0.1010
1.0238,-0.0198,-0.1002
1.0247,-0.0189,-0.1001
1.0233,-0.0177,-0.1002
1.0226,-0.0168,-0.0995
1.0228,-0.0166,-0.0988
1.0238,-0.0190,-0.0988
1.0233,-0.0181,-0.1005
1.0219,-0.0182,-0.1005
1.0237,-0.0193,-0.1019
1.0233,-0.0178,-0.1018
1.0229,-0.0179,-0.0985
1.0234,-0.0201,-0.0979
1.0234,-0.0167,-0.1019
1.0223,-0.0167,-0.0966
1.0251,-0.0143,-0.1014
1.0223,-0.0160,-0.1005
1.0233,-0.0203,-0.1012
1.0232,-0.0182,-0.0988
1.0200,-0.0131,-0.1011
1.0221,-0.0167,-0.0999
1.0234,-0.0168,-0.1007
1.0242,-0.0175,-0.1007
1.0260,-0.0165,-0.0981
1.0238,-0.0162,-0.1011
1.0234,-0.0186,-0.1010
1.0240,-0.0165,-0.0964
1.0239,-0.0165,-0.0973
1.0238,-0.0181,-0.0981
1.0255,-0.0188,-0.0989
1.0236,-0.0164,-0.0972
1.0217,-0.0182,-0.0983
1.0247,-0.0161,-0.1012
1.0220,-0.0181,-0.1017
1.0219,-0.0146,-0.1052
1.0229,-0.0165,-0.1013
1.0231,-0.0149,-0.0980
1.0247,-0.0170,-0.0977
1.0251,-0.0151,-0.0973
1.0237,-0.0145,-0.0969
1.0265,-0.0168,-0.0996
1.0239,-0.0208,-0.0972
1.0256,-0.0168,-0.1000
1.0226,-0.0183,-0.0991
1.0245,-0.0156,-0.0985
1.0226,-0.0168,-0.0983
1.0227,-0.0172,-0.0988
1.0253,-0.0176,-0.0974
1.0236,-0.0199,-0.0984
1.0212,-0.0172,-0.0997
  Ax=1.0234  Ay=-0.0173  Az=-0.0997

Pos 4 - X HUONG XUONG (dau truc X nhin xuong dat)   → Ax ≈ -1g
>> Dat dung vi tri roi nhan phim bat ky:
-0.9850,0.0272,-0.0593
-0.9846,0.0266,-0.0624
-0.9828,0.0271,-0.0604
-0.9841,0.0261,-0.0624
-0.9835,0.0251,-0.0623
-0.9847,0.0240,-0.0603
-0.9834,0.0227,-0.0602
-0.9832,0.0273,-0.0618
-0.9846,0.0249,-0.0604
-0.9821,0.0236,-0.0608
-0.9816,0.0258,-0.0607
-0.9850,0.0245,-0.0570
-0.9841,0.0260,-0.0625
-0.9840,0.0234,-0.0585
-0.9844,0.0261,-0.0619
-0.9840,0.0247,-0.0588
-0.9836,0.0248,-0.0624
-0.9813,0.0282,-0.0614
-0.9836,0.0283,-0.0609
-0.9850,0.0271,-0.0563
-0.9844,0.0258,-0.0577
-0.9836,0.0249,-0.0603
-0.9847,0.0265,-0.0587
-0.9834,0.0245,-0.0647
-0.9801,0.0247,-0.0616
-0.9840,0.0242,-0.0651
-0.9834,0.0276,-0.0582
-0.9827,0.0223,-0.0656
-0.9819,0.0245,-0.0631
-0.9832,0.0267,-0.0609
-0.9828,0.0251,-0.0608
-0.9822,0.0234,-0.0599
-0.9840,0.0258,-0.0605
-0.9823,0.0243,-0.0574
-0.9825,0.0282,-0.0605
-0.9822,0.0233,-0.0609
-0.9861,0.0270,-0.0645
-0.9823,0.0251,-0.0599
-0.9825,0.0247,-0.0612
-0.9850,0.0237,-0.0620
-0.9828,0.0242,-0.0619
-0.9813,0.0249,-0.0610
-0.9833,0.0272,-0.0604
-0.9852,0.0251,-0.0581
-0.9844,0.0256,-0.0634
-0.9812,0.0265,-0.0598
-0.9833,0.0259,-0.0599
-0.9840,0.0261,-0.0607
-0.9823,0.0265,-0.0630
-0.9849,0.0270,-0.0632
-0.9834,0.0234,-0.0598
-0.9803,0.0266,-0.0582
-0.9846,0.0264,-0.0593
-0.9841,0.0265,-0.0585
-0.9822,0.0245,-0.0641
-0.9845,0.0247,-0.0603
-0.9834,0.0238,-0.0640
-0.9868,0.0256,-0.0641
-0.9875,0.0227,-0.0652
-0.9830,0.0254,-0.0579
-0.9844,0.0278,-0.0607
-0.9830,0.0249,-0.0631
-0.9841,0.0258,-0.0619
-0.9824,0.0267,-0.0630
-0.9833,0.0255,-0.0623
-0.9850,0.0256,-0.0659
-0.9829,0.0260,-0.0627
-0.9857,0.0254,-0.0612
-0.9810,0.0231,-0.0599
-0.9833,0.0280,-0.0579
-0.9829,0.0265,-0.0601
-0.9825,0.0262,-0.0620
-0.9835,0.0245,-0.0615
-0.9847,0.0244,-0.0637
-0.9828,0.0266,-0.0657
-0.9824,0.0239,-0.0609
-0.9843,0.0260,-0.0615
-0.9850,0.0264,-0.0642
-0.9821,0.0284,-0.0626
-0.9858,0.0255,-0.0659
-0.9849,0.0239,-0.0629
-0.9823,0.0228,-0.0609
-0.9849,0.0255,-0.0607
-0.9823,0.0266,-0.0613
-0.9846,0.0256,-0.0632
-0.9839,0.0262,-0.0615
-0.9843,0.0256,-0.0609
-0.9817,0.0243,-0.0585
-0.9829,0.0240,-0.0624
-0.9824,0.0249,-0.0632
-0.9846,0.0262,-0.0632
-0.9834,0.0265,-0.0645
-0.9847,0.0259,-0.0629
-0.9833,0.0259,-0.0629
-0.9817,0.0262,-0.0607
-0.9841,0.0292,-0.0645
-0.9836,0.0275,-0.0605
-0.9836,0.0255,-0.0601
-0.9852,0.0254,-0.0602
-0.9829,0.0266,-0.0645
-0.9808,0.0273,-0.0621
-0.9835,0.0262,-0.0619
-0.9841,0.0265,-0.0612
-0.9838,0.0270,-0.0638
-0.9877,0.0251,-0.0657
-0.9828,0.0265,-0.0642
-0.9856,0.0253,-0.0646
-0.9841,0.0254,-0.0629
-0.9846,0.0255,-0.0602
-0.9828,0.0244,-0.0607
-0.9861,0.0251,-0.0624
-0.9843,0.0228,-0.0662
-0.9824,0.0253,-0.0634
-0.9845,0.0247,-0.0646
-0.9835,0.0265,-0.0662
-0.9829,0.0261,-0.0645
-0.9850,0.0260,-0.0647
-0.9841,0.0240,-0.0635
-0.9828,0.0273,-0.0630
-0.9810,0.0277,-0.0632
-0.9849,0.0243,-0.0624
-0.9861,0.0264,-0.0640
-0.9843,0.0288,-0.0645
-0.9843,0.0276,-0.0638
-0.9829,0.0265,-0.0618
-0.9808,0.0248,-0.0627
-0.9834,0.0240,-0.0625
-0.9823,0.0278,-0.0645
-0.9818,0.0300,-0.0658
-0.9816,0.0287,-0.0593
-0.9843,0.0273,-0.0613
-0.9810,0.0266,-0.0636
-0.9840,0.0266,-0.0651
-0.9838,0.0271,-0.0614
-0.9825,0.0245,-0.0636
-0.9834,0.0260,-0.0635
-0.9866,0.0234,-0.0609
-0.9832,0.0238,-0.0613
-0.9834,0.0253,-0.0620
-0.9832,0.0266,-0.0635
-0.9807,0.0269,-0.0648
-0.9821,0.0232,-0.0643
-0.9841,0.0262,-0.0664
-0.9846,0.0278,-0.0641
-0.9862,0.0245,-0.0613
-0.9832,0.0264,-0.0635
-0.9846,0.0272,-0.0647
-0.9833,0.0264,-0.0605
-0.9836,0.0272,-0.0627
-0.9836,0.0273,-0.0627
-0.9856,0.0240,-0.0641
-0.9856,0.0253,-0.0642
-0.9832,0.0267,-0.0640
-0.9838,0.0267,-0.0646
-0.9836,0.0259,-0.0646
-0.9855,0.0245,-0.0604
-0.9865,0.0250,-0.0676
-0.9824,0.0264,-0.0645
-0.9822,0.0250,-0.0643
-0.9827,0.0286,-0.0621
-0.9839,0.0233,-0.0646
-0.9824,0.0258,-0.0653
-0.9832,0.0253,-0.0643
-0.9840,0.0249,-0.0612
-0.9845,0.0255,-0.0599
-0.9843,0.0267,-0.0636
-0.9845,0.0250,-0.0634
-0.9833,0.0266,-0.0632
-0.9835,0.0256,-0.0626
-0.9818,0.0239,-0.0645
-0.9832,0.0260,-0.0605
-0.9839,0.0259,-0.0651
-0.9844,0.0283,-0.0664
-0.9854,0.0275,-0.0632
-0.9836,0.0256,-0.0640
-0.9835,0.0282,-0.0642
-0.9835,0.0266,-0.0636
-0.9849,0.0240,-0.0667
-0.9828,0.0247,-0.0640
-0.9867,0.0255,-0.0658
-0.9847,0.0256,-0.0646
-0.9823,0.0278,-0.0671
-0.9857,0.0273,-0.0662
-0.9835,0.0254,-0.0674
-0.9824,0.0276,-0.0665
-0.9865,0.0253,-0.0670
-0.9847,0.0261,-0.0652
-0.9818,0.0262,-0.0652
-0.9814,0.0251,-0.0642
-0.9829,0.0253,-0.0668
-0.9811,0.0300,-0.0642
-0.9834,0.0265,-0.0677
-0.9823,0.0249,-0.0637
-0.9836,0.0265,-0.0674
-0.9827,0.0264,-0.0673
-0.9855,0.0271,-0.0623
-0.9856,0.0264,-0.0632
-0.9821,0.0249,-0.0659
-0.9838,0.0258,-0.0654
-0.9840,0.0244,-0.0615
  Ax=-0.9836  Ay=0.0258  Az=-0.0626

Pos 5 - Y HUONG LEN   (dau truc Y nhin len tran)    → Ay ≈ +1g
>> Dat dung vi tri roi nhan phim bat ky:
0.0397,0.9969,-0.0776
0.0372,0.9946,-0.0796
0.0396,0.9963,-0.0824
0.0411,0.9957,-0.0775
0.0381,0.9958,-0.0774
0.0376,0.9940,-0.0780
0.0398,0.9939,-0.0787
0.0365,0.9930,-0.0802
0.0371,0.9960,-0.0798
0.0411,0.9972,-0.0786
0.0417,0.9941,-0.0803
0.0394,0.9984,-0.0820
0.0426,0.9962,-0.0795
0.0391,0.9957,-0.0781
0.0388,0.9929,-0.0775
0.0388,0.9955,-0.0769
0.0369,0.9960,-0.0790
0.0421,0.9960,-0.0773
0.0404,0.9943,-0.0795
0.0405,0.9971,-0.0771
0.0381,0.9963,-0.0779
0.0402,0.9930,-0.0796
0.0387,0.9967,-0.0767
0.0428,0.9943,-0.0776
0.0386,0.9966,-0.0758
0.0393,0.9954,-0.0771
0.0409,0.9957,-0.0770
0.0398,0.9935,-0.0791
0.0411,0.9933,-0.0770
0.0397,0.9926,-0.0796
0.0385,0.9965,-0.0768
0.0397,0.9934,-0.0800
0.0404,0.9951,-0.0760
0.0380,0.9967,-0.0785
0.0374,0.9978,-0.0773
0.0392,0.9963,-0.0775
0.0377,0.9949,-0.0764
0.0358,0.9944,-0.0807
0.0389,0.9954,-0.0765
0.0398,0.9969,-0.0773
0.0396,0.9933,-0.0776
0.0372,0.9961,-0.0773
0.0409,0.9949,-0.0758
0.0382,0.9939,-0.0790
0.0391,0.9941,-0.0803
0.0394,0.9948,-0.0793
0.0396,0.9950,-0.0753
0.0393,0.9957,-0.0800
0.0413,0.9971,-0.0787
0.0402,0.9960,-0.0829
0.0388,0.9962,-0.0762
0.0383,0.9937,-0.0751
0.0382,0.9945,-0.0754
0.0381,0.9941,-0.0785
0.0396,0.9976,-0.0808
0.0380,0.9940,-0.0752
0.0386,0.9954,-0.0748
0.0422,0.9946,-0.0773
0.0372,0.9961,-0.0767
0.0393,0.9967,-0.0801
0.0377,0.9974,-0.0786
0.0392,0.9966,-0.0820
0.0416,0.9954,-0.0806
0.0380,0.9938,-0.0774
0.0391,0.9944,-0.0797
0.0397,0.9951,-0.0774
0.0389,0.9948,-0.0795
0.0409,0.9965,-0.0806
0.0381,0.9972,-0.0803
0.0370,0.9927,-0.0792
0.0387,0.9963,-0.0753
0.0367,0.9949,-0.0822
0.0363,0.9968,-0.0769
0.0376,0.9954,-0.0771
0.0398,0.9957,-0.0846
0.0414,0.9968,-0.0786
0.0396,0.9926,-0.0770
0.0405,0.9962,-0.0770
0.0411,0.9968,-0.0754
0.0415,0.9955,-0.0800
0.0382,0.9954,-0.0776
0.0378,0.9968,-0.0802
0.0391,0.9973,-0.0798
0.0397,0.9934,-0.0775
0.0391,0.9961,-0.0791
0.0402,0.9928,-0.0791
0.0419,0.9967,-0.0796
0.0416,0.9917,-0.0801
0.0389,0.9941,-0.0782
0.0386,0.9954,-0.0773
0.0402,0.9938,-0.0796
0.0398,0.9971,-0.0791
0.0430,0.9938,-0.0785
0.0371,0.9949,-0.0767
0.0378,0.9955,-0.0756
0.0392,0.9967,-0.0778
0.0378,0.9945,-0.0779
0.0383,0.9950,-0.0807
0.0386,0.9934,-0.0762
0.0381,0.9974,-0.0770
0.0386,0.9956,-0.0780
0.0396,0.9963,-0.0791
0.0402,0.9974,-0.0815
0.0409,0.9933,-0.0818
0.0382,0.9983,-0.0806
0.0400,0.9952,-0.0802
0.0414,0.9934,-0.0784
0.0409,0.9962,-0.0819
0.0398,0.9950,-0.0775
0.0398,0.9945,-0.0778
0.0410,0.9937,-0.0773
0.0413,0.9949,-0.0754
0.0410,0.9969,-0.0775
0.0389,0.9927,-0.0741
0.0397,0.9954,-0.0759
0.0397,0.9960,-0.0732
0.0383,0.9943,-0.0787
0.0374,0.9922,-0.0767
0.0377,0.9958,-0.0800
0.0387,0.9917,-0.0792
0.0409,0.9937,-0.0771
0.0420,0.9977,-0.0808
0.0409,0.9949,-0.0791
0.0417,0.9944,-0.0785
0.0369,0.9941,-0.0803
0.0381,0.9943,-0.0785
0.0385,0.9948,-0.0800
0.0388,0.9961,-0.0775
0.0369,0.9954,-0.0809
0.0388,0.9954,-0.0800
0.0374,0.9943,-0.0800
0.0391,0.9930,-0.0785
0.0382,0.9943,-0.0778
0.0398,0.9968,-0.0774
0.0369,0.9932,-0.0778
0.0385,0.9949,-0.0803
0.0382,0.9963,-0.0771
0.0403,0.9924,-0.0791
0.0403,0.9966,-0.0800
0.0402,0.9938,-0.0773
0.0410,0.9940,-0.0779
0.0378,0.9954,-0.0797
0.0365,0.9935,-0.0787
0.0359,0.9960,-0.0812
0.0408,0.9961,-0.0790
0.0424,0.9960,-0.0820
0.0399,0.9946,-0.0822
0.0399,0.9933,-0.0807
0.0387,0.9938,-0.0774
0.0403,0.9933,-0.0784
0.0367,0.9974,-0.0801
0.0372,0.9951,-0.0804
0.0381,0.9938,-0.0786
0.0411,0.9962,-0.0834
0.0381,0.9940,-0.0780
0.0408,0.9935,-0.0801
0.0399,0.9930,-0.0781
0.0387,0.9973,-0.0792
0.0382,0.9955,-0.0804
0.0377,0.9961,-0.0759
0.0380,0.9966,-0.0767
0.0382,0.9965,-0.0779
0.0381,0.9972,-0.0759
0.0393,0.9978,-0.0809
0.0394,0.9952,-0.0789
0.0376,0.9949,-0.0791
0.0388,0.9937,-0.0790
0.0402,0.9956,-0.0811
0.0394,0.9979,-0.0822
0.0377,0.9954,-0.0801
0.0369,0.9938,-0.0787
0.0375,0.9928,-0.0776
0.0381,0.9958,-0.0763
0.0409,0.9955,-0.0787
0.0398,0.9958,-0.0780
0.0394,0.9963,-0.0797
0.0398,0.9969,-0.0778
0.0402,0.9943,-0.0797
0.0398,0.9977,-0.0793
0.0399,0.9951,-0.0791
0.0377,0.9951,-0.0753
0.0385,0.9952,-0.0784
0.0391,0.9958,-0.0802
0.0394,0.9966,-0.0784
0.0405,0.9956,-0.0802
0.0416,0.9965,-0.0769
0.0356,0.9973,-0.0807
0.0404,0.9946,-0.0768
0.0374,0.9944,-0.0823
0.0403,0.9951,-0.0792
0.0380,0.9935,-0.0792
0.0396,0.9950,-0.0780
0.0396,0.9951,-0.0812
0.0391,0.9943,-0.0784
0.0385,0.9973,-0.0780
0.0383,0.9956,-0.0759
0.0393,0.9941,-0.0807
0.0380,0.9950,-0.0775
0.0363,0.9957,-0.0752
0.0397,0.9987,-0.0841
  Ax=0.0392  Ay=0.9952  Az=-0.0786

Pos 6 - Y HUONG XUONG (dau truc Y nhin xuong dat)   → Ay ≈ -1g
>> Dat dung vi tri roi nhan phim bat ky:
0.0011,-0.9985,-0.0266
-0.0004,-0.9951,-0.0248
-0.0024,-0.9968,-0.0260
-0.0004,-0.9990,-0.0226
-0.0024,-0.9996,-0.0259
-0.0002,-0.9965,-0.0209
0.0002,-0.9972,-0.0254
-0.0005,-0.9996,-0.0276
0.0004,-0.9995,-0.0187
0.0001,-0.9969,-0.0211
-0.0002,-0.9967,-0.0223
-0.0012,-0.9973,-0.0228
-0.0021,-0.9972,-0.0292
-0.0017,-0.9963,-0.0168
-0.0033,-0.9966,-0.0201
-0.0037,-0.9984,-0.0187
-0.0002,-0.9984,-0.0261
-0.0017,-0.9943,-0.0198
-0.0024,-0.9985,-0.0271
-0.0017,-0.9995,-0.0219
-0.0010,-1.0015,-0.0227
-0.0002,-0.9984,-0.0253
0.0015,-1.0004,-0.0239
-0.0001,-0.9976,-0.0199
-0.0010,-0.9965,-0.0231
-0.0002,-0.9994,-0.0264
-0.0023,-0.9961,-0.0221
-0.0022,-1.0009,-0.0212
-0.0032,-0.9969,-0.0244
-0.0017,-0.9957,-0.0278
0.0006,-0.9979,-0.0229
-0.0017,-1.0000,-0.0245
0.0012,-0.9973,-0.0233
-0.0011,-0.9979,-0.0212
0.0013,-0.9980,-0.0250
0.0024,-0.9966,-0.0240
-0.0004,-0.9993,-0.0225
-0.0012,-0.9979,-0.0220
0.0035,-0.9963,-0.0226
0.0001,-0.9999,-0.0282
-0.0029,-1.0009,-0.0255
-0.0037,-0.9980,-0.0238
-0.0007,-0.9968,-0.0216
-0.0011,-0.9940,-0.0211
-0.0015,-0.9965,-0.0208
0.0012,-0.9990,-0.0222
0.0002,-0.9980,-0.0260
0.0015,-0.9987,-0.0271
-0.0011,-0.9978,-0.0203
0.0006,-0.9965,-0.0225
-0.0012,-0.9963,-0.0245
-0.0009,-0.9999,-0.0247
-0.0012,-0.9976,-0.0233
-0.0024,-0.9952,-0.0209
-0.0022,-0.9962,-0.0219
0.0015,-1.0007,-0.0204
-0.0023,-0.9977,-0.0234
-0.0001,-0.9969,-0.0201
0.0012,-0.9965,-0.0244
-0.0015,-0.9976,-0.0245
-0.0011,-0.9957,-0.0255
0.0005,-0.9989,-0.0228
-0.0011,-0.9965,-0.0232
-0.0032,-0.9960,-0.0227
-0.0002,-0.9973,-0.0267
0.0005,-0.9971,-0.0173
-0.0033,-0.9995,-0.0200
-0.0010,-0.9966,-0.0234
0.0006,-0.9982,-0.0297
-0.0002,-0.9989,-0.0231
0.0011,-0.9957,-0.0181
-0.0005,-0.9984,-0.0204
-0.0022,-0.9956,-0.0222
-0.0006,-0.9977,-0.0187
-0.0005,-0.9999,-0.0243
-0.0024,-0.9977,-0.0229
-0.0012,-0.9976,-0.0236
-0.0028,-0.9951,-0.0253
0.0015,-0.9980,-0.0183
-0.0043,-0.9989,-0.0221
-0.0027,-0.9963,-0.0258
-0.0006,-0.9962,-0.0186
0.0009,-0.9969,-0.0216
-0.0051,-0.9972,-0.0239
-0.0012,-0.9958,-0.0238
-0.0006,-0.9978,-0.0243
0.0015,-0.9991,-0.0225
-0.0009,-0.9958,-0.0221
-0.0001,-0.9958,-0.0228
0.0020,-0.9989,-0.0217
-0.0020,-0.9961,-0.0233
-0.0027,-0.9973,-0.0220
-0.0015,-1.0013,-0.0228
-0.0007,-0.9998,-0.0208
-0.0038,-0.9977,-0.0269
-0.0010,-0.9966,-0.0249
0.0023,-0.9982,-0.0216
0.0005,-0.9941,-0.0244
-0.0012,-0.9963,-0.0271
0.0005,-0.9991,-0.0237
-0.0028,-0.9954,-0.0216
-0.0032,-0.9993,-0.0239
-0.0012,-0.9956,-0.0166
-0.0038,-0.9985,-0.0270
0.0002,-1.0002,-0.0216
-0.0004,-0.9955,-0.0258
-0.0021,-0.9948,-0.0205
-0.0031,-0.9958,-0.0228
0.0001,-0.9987,-0.0267
-0.0007,-0.9974,-0.0237
-0.0045,-0.9962,-0.0212
-0.0004,-0.9995,-0.0258
0.0017,-0.9976,-0.0225
-0.0018,-0.9940,-0.0221
-0.0059,-0.9965,-0.0267
-0.0048,-0.9967,-0.0238
-0.0031,-0.9946,-0.0259
-0.0028,-1.0005,-0.0199
0.0001,-0.9985,-0.0232
0.0002,-0.9989,-0.0167
-0.0015,-0.9971,-0.0227
0.0000,-0.9950,-0.0210
0.0012,-0.9999,-0.0212
0.0002,-0.9971,-0.0215
0.0020,-0.9960,-0.0231
0.0005,-1.0011,-0.0226
0.0016,-0.9980,-0.0294
-0.0024,-0.9968,-0.0201
0.0018,-0.9998,-0.0220
-0.0018,-0.9980,-0.0280
0.0010,-0.9958,-0.0200
-0.0015,-0.9993,-0.0233
0.0009,-0.9984,-0.0234
-0.0027,-0.9939,-0.0245
0.0002,-0.9963,-0.0215
-0.0007,-0.9965,-0.0222
-0.0011,-0.9954,-0.0266
0.0007,-0.9991,-0.0212
0.0013,-0.9965,-0.0260
-0.0009,-0.9989,-0.0281
0.0009,-0.9978,-0.0233
-0.0026,-0.9966,-0.0251
-0.0020,-0.9957,-0.0269
-0.0024,-0.9956,-0.0251
-0.0010,-0.9988,-0.0215
-0.0021,-0.9957,-0.0231
-0.0022,-0.9989,-0.0167
-0.0010,-0.9996,-0.0186
0.0006,-0.9993,-0.0253
-0.0026,-0.9978,-0.0236
-0.0023,-0.9974,-0.0214
-0.0006,-0.9968,-0.0171
0.0023,-0.9968,-0.0221
-0.0016,-0.9978,-0.0209
-0.0017,-0.9982,-0.0212
0.0027,-0.9960,-0.0217
-0.0035,-0.9958,-0.0229
-0.0013,-0.9968,-0.0188
-0.0027,-0.9960,-0.0198
-0.0012,-0.9961,-0.0208
-0.0022,-0.9962,-0.0250
-0.0020,-0.9991,-0.0201
-0.0015,-0.9978,-0.0228
0.0022,-0.9956,-0.0192
0.0002,-0.9966,-0.0215
0.0029,-0.9982,-0.0234
0.0001,-0.9983,-0.0208
-0.0017,-0.9979,-0.0256
0.0006,-0.9996,-0.0206
-0.0006,-0.9967,-0.0188
-0.0020,-0.9999,-0.0227
-0.0007,-0.9969,-0.0198
-0.0022,-0.9944,-0.0201
-0.0009,-0.9960,-0.0262
0.0013,-0.9973,-0.0184
0.0005,-0.9977,-0.0247
-0.0013,-0.9962,-0.0165
0.0000,-0.9974,-0.0229
-0.0020,-0.9963,-0.0217
-0.0020,-0.9988,-0.0223
-0.0028,-0.9987,-0.0237
0.0009,-0.9998,-0.0193
0.0001,-0.9982,-0.0248
-0.0002,-0.9987,-0.0217
-0.0022,-0.9977,-0.0212
-0.0017,-0.9990,-0.0254
-0.0034,-0.9957,-0.0239
0.0004,-0.9971,-0.0258
-0.0007,-0.9996,-0.0239
-0.0024,-1.0010,-0.0247
-0.0020,-0.9994,-0.0187
-0.0032,-0.9989,-0.0271
0.0001,-0.9998,-0.0175
-0.0020,-0.9943,-0.0175
-0.0044,-0.9979,-0.0206
-0.0005,-0.9974,-0.0242
0.0018,-0.9957,-0.0194
0.0023,-0.9998,-0.0223
-0.0004,-0.9976,-0.0189
0.0010,-0.9976,-0.0229
  Ax=-0.0009  Ay=-0.9976  Az=-0.0228
