========================================
  BAI 3: ANH HUONG GIA TOC TRONG TRUONG
========================================
Quy tac: Ax = sin(pitch), Az = cos(pitch), Ay ~ 0 khi chi nghieng theo X

Bang ly thuyet (nghieng theo truc X - Pitch):
 Goc |  Ax(g) |  Ay(g) |  Az(g) | |a|(g)
-----|--------|--------|--------|-------
  0  | 0.000  | 0.000  | 1.000  | 1.000
  15  | 0.259  | 0.000  | 0.966  | 1.000
  30  | 0.500  | 0.000  | 0.866  | 1.000
  45  | 0.707  | 0.000  | 0.707  | 1.000
  60  | 0.866  | 0.000  | 0.500  | 1.000
  90  | 1.000  | 0.000  | 0.000  | 1.000

--- DO THUC TE ---
Goc | Ax_do | Ay_do | Az_do | |a| | Sai lech%

Dat cam bien nghieng 0 do (theo truc X), nhan phim:
#CSV
0.0,-0.0118,0.0109,1.0116
0.0,-0.0142,0.0127,1.0177
0.0,-0.0155,0.0118,1.0164
0.0,-0.0118,0.0119,1.0149
0.0,-0.0133,0.0114,1.0154
0.0,-0.0122,0.0129,1.0148
0.0,-0.0148,0.0096,1.0160
0.0,-0.0135,0.0103,1.0176
0.0,-0.0108,0.0106,1.0155
0.0,-0.0149,0.0111,1.0149
0.0,-0.0111,0.0117,1.0134
0.0,-0.0131,0.0106,1.0110
0.0,-0.0131,0.0119,1.0140
0.0,-0.0139,0.0103,1.0166
0.0,-0.0157,0.0114,1.0157
0.0,-0.0150,0.0135,1.0172
0.0,-0.0157,0.0135,1.0167
0.0,-0.0102,0.0100,1.0121
0.0,-0.0135,0.0139,1.0099
0.0,-0.0124,0.0117,1.0153
0.0,-0.0121,0.0109,1.0176
0.0,-0.0131,0.0109,1.0182
0.0,-0.0116,0.0123,1.0146
0.0,-0.0147,0.0102,1.0139
0.0,-0.0159,0.0108,1.0166
0.0,-0.0163,0.0101,1.0155
0.0,-0.0102,0.0119,1.0160
0.0,-0.0144,0.0130,1.0136
0.0,-0.0135,0.0101,1.0178
0.0,-0.0124,0.0118,1.0176
0.0,-0.0100,0.0118,1.0117
0.0,-0.0122,0.0116,1.0154
0.0,-0.0169,0.0089,1.0129
0.0,-0.0109,0.0160,1.0153
0.0,-0.0132,0.0068,1.0189
0.0,-0.0153,0.0092,1.0160
0.0,-0.0137,0.0094,1.0106
0.0,-0.0132,0.0125,1.0148
0.0,-0.0146,0.0119,1.0168
0.0,-0.0154,0.0080,1.0155
0.0,-0.0131,0.0156,1.0171
0.0,-0.0119,0.0151,1.0145
0.0,-0.0130,0.0090,1.0109
0.0,-0.0132,0.0092,1.0167
0.0,-0.0147,0.0108,1.0166
0.0,-0.0121,0.0109,1.0140
0.0,-0.0136,0.0124,1.0118
0.0,-0.0127,0.0118,1.0145
0.0,-0.0139,0.0127,1.0139
0.0,-0.0125,0.0101,1.0166
0.0,-0.0133,0.0106,1.0159
0.0,-0.0139,0.0106,1.0168
0.0,-0.0125,0.0129,1.0142
0.0,-0.0150,0.0103,1.0136
0.0,-0.0148,0.0116,1.0165
0.0,-0.0135,0.0106,1.0150
0.0,-0.0136,0.0114,1.0189
0.0,-0.0137,0.0127,1.0170
0.0,-0.0122,0.0125,1.0175
0.0,-0.0118,0.0111,1.0138
0.0,-0.0126,0.0109,1.0115
0.0,-0.0109,0.0116,1.0171
0.0,-0.0166,0.0072,1.0232
0.0,-0.0135,0.0108,1.0121
0.0,-0.0150,0.0105,1.0156
0.0,-0.0087,0.0127,1.0171
0.0,-0.0154,0.0113,1.0137
0.0,-0.0125,0.0120,1.0131
0.0,-0.0157,0.0091,1.0144
0.0,-0.0133,0.0109,1.0109
0.0,-0.0138,0.0124,1.0170
0.0,-0.0128,0.0113,1.0120
0.0,-0.0132,0.0113,1.0184
0.0,-0.0127,0.0107,1.0144
0.0,-0.0139,0.0113,1.0122
0.0,-0.0153,0.0114,1.0149
0.0,-0.0115,0.0085,1.0134
0.0,-0.0146,0.0105,1.0145
0.0,-0.0111,0.0122,1.0128
0.0,-0.0159,0.0099,1.0172
0.0,-0.0127,0.0109,1.0148
0.0,-0.0139,0.0101,1.0098
0.0,-0.0152,0.0094,1.0173
0.0,-0.0126,0.0099,1.0183
0.0,-0.0147,0.0116,1.0150
0.0,-0.0138,0.0119,1.0159
0.0,-0.0136,0.0095,1.0137
0.0,-0.0118,0.0100,1.0132
0.0,-0.0146,0.0097,1.0167
0.0,-0.0143,0.0116,1.0172
0.0,-0.0132,0.0112,1.0128
0.0,-0.0136,0.0080,1.0154
0.0,-0.0149,0.0097,1.0149
0.0,-0.0142,0.0133,1.0107
0.0,-0.0136,0.0107,1.0155
0.0,-0.0124,0.0094,1.0089
0.0,-0.0139,0.0122,1.0140
0.0,-0.0133,0.0102,1.0160
0.0,-0.0122,0.0107,1.0164
0.0,-0.0160,0.0119,1.0142
0.0,-0.0142,0.0102,1.0129
0.0,-0.0133,0.0117,1.0140
0.0,-0.0125,0.0128,1.0107
0.0,-0.0139,0.0111,1.0139
0.0,-0.0152,0.0094,1.0143
0.0,-0.0141,0.0118,1.0166
0.0,-0.0114,0.0117,1.0168
0.0,-0.0133,0.0138,1.0188
0.0,-0.0146,0.0116,1.0162
0.0,-0.0122,0.0135,1.0173
0.0,-0.0133,0.0112,1.0151
0.0,-0.0132,0.0142,1.0118
0.0,-0.0159,0.0116,1.0118
0.0,-0.0130,0.0122,1.0109
0.0,-0.0125,0.0114,1.0151
0.0,-0.0130,0.0124,1.0161
0.0,-0.0130,0.0114,1.0171
0.0,-0.0120,0.0117,1.0128
0.0,-0.0139,0.0102,1.0154
0.0,-0.0144,0.0119,1.0190
0.0,-0.0126,0.0103,1.0189
0.0,-0.0147,0.0114,1.0195
0.0,-0.0147,0.0149,1.0131
0.0,-0.0138,0.0090,1.0150
0.0,-0.0137,0.0091,1.0159
0.0,-0.0130,0.0138,1.0128
0.0,-0.0099,0.0102,1.0149
0.0,-0.0110,0.0092,1.0144
0.0,-0.0155,0.0116,1.0126
0.0,-0.0115,0.0116,1.0136
0.0,-0.0143,0.0123,1.0131
0.0,-0.0172,0.0118,1.0157
0.0,-0.0144,0.0122,1.0100
0.0,-0.0128,0.0134,1.0178
0.0,-0.0137,0.0102,1.0140
0.0,-0.0193,0.0127,1.0184
0.0,-0.0137,0.0122,1.0129
0.0,-0.0128,0.0111,1.0165
0.0,-0.0146,0.0099,1.0120
0.0,-0.0126,0.0129,1.0132
0.0,-0.0137,0.0100,1.0105
0.0,-0.0121,0.0105,1.0132
0.0,-0.0147,0.0106,1.0171
0.0,-0.0138,0.0101,1.0142
0.0,-0.0115,0.0134,1.0160
0.0,-0.0133,0.0113,1.0153
0.0,-0.0135,0.0128,1.0170
0.0,-0.0141,0.0111,1.0148
0.0,-0.0114,0.0131,1.0154
0.0,-0.0137,0.0079,1.0170
0.0,-0.0135,0.0114,1.0172
0.0,-0.0137,0.0116,1.0112
0.0,-0.0132,0.0131,1.0144
0.0,-0.0144,0.0106,1.0143
0.0,-0.0089,0.0131,1.0156
0.0,-0.0132,0.0101,1.0117
0.0,-0.0132,0.0114,1.0112
0.0,-0.0137,0.0103,1.0116
0.0,-0.0143,0.0116,1.0125
0.0,-0.0160,0.0142,1.0139
0.0,-0.0146,0.0106,1.0150
0.0,-0.0159,0.0107,1.0123
0.0,-0.0137,0.0120,1.0125
0.0,-0.0148,0.0138,1.0127
0.0,-0.0125,0.0112,1.0146
0.0,-0.0127,0.0100,1.0168
0.0,-0.0131,0.0119,1.0138
0.0,-0.0137,0.0134,1.0151
0.0,-0.0137,0.0085,1.0189
0.0,-0.0131,0.0130,1.0127
0.0,-0.0159,0.0088,1.0134
0.0,-0.0125,0.0130,1.0154
0.0,-0.0114,0.0136,1.0165
0.0,-0.0114,0.0118,1.0144
0.0,-0.0155,0.0099,1.0162
0.0,-0.0163,0.0080,1.0154
0.0,-0.0122,0.0124,1.0104
0.0,-0.0125,0.0092,1.0154
0.0,-0.0110,0.0111,1.0132
0.0,-0.0118,0.0129,1.0186
0.0,-0.0168,0.0129,1.0172
0.0,-0.0108,0.0114,1.0164
0.0,-0.0168,0.0105,1.0222
0.0,-0.0116,0.0103,1.0146
0.0,-0.0136,0.0102,1.0126
0.0,-0.0176,0.0122,1.0164
0.0,-0.0142,0.0106,1.0170
0.0,-0.0147,0.0111,1.0162
0.0,-0.0183,0.0103,1.0164
0.0,-0.0127,0.0157,1.0155
0.0,-0.0155,0.0109,1.0190
0.0,-0.0128,0.0129,1.0193
0.0,-0.0119,0.0118,1.0133
0.0,-0.0137,0.0103,1.0125
0.0,-0.0148,0.0111,1.0134
0.0,-0.0132,0.0106,1.0188
0.0,-0.0141,0.0142,1.0140
0.0,-0.0149,0.0100,1.0167
0.0,-0.0139,0.0103,1.0144
0.0,-0.0136,0.0140,1.0155
  0  | -0.014  | 0.011  | 1.015  | 1.0151  | 1.51%
  [OK]

Dat cam bien nghieng 15 do (theo truc X), nhan phim:
#CSV
15.0,0.2299,-0.0050,0.9908
15.0,0.2309,-0.0016,0.9840
15.0,0.2323,-0.0022,0.9860
15.0,0.2297,-0.0030,0.9884
15.0,0.2302,-0.0046,0.9884
15.0,0.2325,-0.0024,0.9900
15.0,0.2319,-0.0014,0.9896
15.0,0.2312,-0.0016,0.9889
15.0,0.2310,-0.0024,0.9906
15.0,0.2317,-0.0011,0.9878
15.0,0.2308,-0.0021,0.9885
15.0,0.2320,-0.0013,0.9860
15.0,0.2323,-0.0017,0.9829
15.0,0.2307,0.0019,0.9866
15.0,0.2287,-0.0006,0.9844
15.0,0.2307,-0.0020,0.9886
15.0,0.2307,-0.0032,0.9861
15.0,0.2341,-0.0021,0.9895
15.0,0.2317,-0.0026,0.9873
15.0,0.2331,0.0003,0.9901
15.0,0.2320,-0.0050,0.9884
15.0,0.2342,-0.0021,0.9857
15.0,0.2306,-0.0013,0.9878
15.0,0.2320,-0.0025,0.9879
15.0,0.2326,-0.0059,0.9862
15.0,0.2348,-0.0059,0.9877
15.0,0.2319,-0.0026,0.9877
15.0,0.2304,-0.0038,0.9863
15.0,0.2318,0.0001,0.9880
15.0,0.2304,-0.0035,0.9845
15.0,0.2307,-0.0027,0.9907
15.0,0.2308,-0.0021,0.9840
15.0,0.2315,-0.0036,0.9894
15.0,0.2325,-0.0038,0.9875
15.0,0.2288,-0.0019,0.9880
15.0,0.2293,-0.0006,0.9862
15.0,0.2306,-0.0025,0.9860
15.0,0.2317,-0.0033,0.9888
15.0,0.2323,-0.0021,0.9879
15.0,0.2297,-0.0027,0.9888
15.0,0.2321,-0.0042,0.9885
15.0,0.2328,-0.0036,0.9882
15.0,0.2337,-0.0024,0.9835
15.0,0.2302,-0.0033,0.9856
15.0,0.2332,-0.0009,0.9899
15.0,0.2313,-0.0022,0.9879
15.0,0.2298,-0.0003,0.9849
15.0,0.2301,-0.0010,0.9878
15.0,0.2310,-0.0017,0.9835
15.0,0.2313,-0.0057,0.9889
15.0,0.2325,-0.0047,0.9907
15.0,0.2280,-0.0039,0.9840
15.0,0.2304,-0.0049,0.9897
15.0,0.2297,-0.0014,0.9932
15.0,0.2271,-0.0008,0.9865
15.0,0.2319,-0.0028,0.9900
15.0,0.2319,-0.0055,0.9865
15.0,0.2299,-0.0025,0.9917
15.0,0.2253,-0.0016,0.9917
15.0,0.2345,-0.0009,0.9886
15.0,0.2298,-0.0019,0.9867
15.0,0.2296,-0.0022,0.9891
15.0,0.2307,-0.0046,0.9867
15.0,0.2303,-0.0021,0.9889
15.0,0.2301,-0.0031,0.9882
15.0,0.2313,-0.0043,0.9867
15.0,0.2285,-0.0031,0.9871
15.0,0.2315,-0.0027,0.9872
15.0,0.2324,-0.0030,0.9889
15.0,0.2321,-0.0044,0.9899
15.0,0.2308,-0.0036,0.9880
15.0,0.2301,-0.0025,0.9841
15.0,0.2314,-0.0036,0.9828
15.0,0.2317,0.0001,0.9893
15.0,0.2306,-0.0048,0.9874
15.0,0.2319,-0.0032,0.9874
15.0,0.2304,-0.0042,0.9911
15.0,0.2295,-0.0037,0.9879
15.0,0.2295,0.0002,0.9911
15.0,0.2278,-0.0032,0.9897
15.0,0.2302,-0.0041,0.9883
15.0,0.2320,-0.0024,0.9873
15.0,0.2330,-0.0021,0.9910
15.0,0.2337,-0.0027,0.9882
15.0,0.2301,-0.0038,0.9882
15.0,0.2310,-0.0024,0.9871
15.0,0.2306,-0.0019,0.9893
15.0,0.2286,-0.0042,0.9869
15.0,0.2304,-0.0050,0.9882
15.0,0.2302,-0.0027,0.9878
15.0,0.2323,-0.0038,0.9873
15.0,0.2318,-0.0039,0.9899
15.0,0.2321,-0.0048,0.9868
15.0,0.2303,-0.0014,0.9833
15.0,0.2310,-0.0021,0.9874
15.0,0.2307,-0.0027,0.9889
15.0,0.2290,-0.0004,0.9897
15.0,0.2306,-0.0031,0.9856
15.0,0.2297,-0.0047,0.9895
15.0,0.2309,-0.0044,0.9871
15.0,0.2318,-0.0049,0.9860
15.0,0.2319,-0.0035,0.9878
15.0,0.2304,-0.0043,0.9873
15.0,0.2285,-0.0020,0.9852
15.0,0.2312,-0.0032,0.9868
15.0,0.2292,-0.0027,0.9891
15.0,0.2287,-0.0021,0.9869
15.0,0.2297,0.0005,0.9827
15.0,0.2301,-0.0019,0.9875
15.0,0.2335,-0.0041,0.9902
15.0,0.2304,-0.0035,0.9928
15.0,0.2302,-0.0041,0.9893
15.0,0.2319,-0.0014,0.9886
15.0,0.2314,-0.0025,0.9860
15.0,0.2313,-0.0025,0.9874
15.0,0.2334,-0.0037,0.9877
15.0,0.2297,-0.0015,0.9884
15.0,0.2295,0.0015,0.9897
15.0,0.2284,-0.0003,0.9869
15.0,0.2299,-0.0026,0.9844
15.0,0.2308,-0.0015,0.9879
15.0,0.2335,-0.0004,0.9890
15.0,0.2295,-0.0025,0.9877
15.0,0.2297,-0.0020,0.9871
15.0,0.2309,-0.0026,0.9875
15.0,0.2315,-0.0036,0.9890
15.0,0.2292,-0.0024,0.9906
15.0,0.2301,-0.0032,0.9893
15.0,0.2320,-0.0014,0.9873
15.0,0.2293,-0.0031,0.9838
15.0,0.2312,-0.0039,0.9861
15.0,0.2314,-0.0017,0.9879
15.0,0.2329,-0.0038,0.9857
15.0,0.2332,-0.0041,0.9913
15.0,0.2317,-0.0019,0.9943
15.0,0.2336,-0.0022,0.9891
15.0,0.2297,-0.0011,0.9851
15.0,0.2330,-0.0019,0.9852
15.0,0.2329,-0.0025,0.9882
15.0,0.2284,0.0011,0.9871
15.0,0.2310,-0.0032,0.9880
15.0,0.2325,-0.0028,0.9886
15.0,0.2326,-0.0047,0.9873
15.0,0.2314,-0.0046,0.9866
15.0,0.2273,-0.0025,0.9874
15.0,0.2309,-0.0019,0.9882
15.0,0.2324,-0.0021,0.9880
15.0,0.2328,-0.0030,0.9873
15.0,0.2286,-0.0049,0.9868
15.0,0.2325,-0.0060,0.9888
15.0,0.2306,-0.0046,0.9897
15.0,0.2321,-0.0031,0.9886
15.0,0.2292,-0.0031,0.9893
15.0,0.2296,-0.0042,0.9875
15.0,0.2302,-0.0032,0.9829
15.0,0.2295,-0.0064,0.9863
15.0,0.2303,-0.0022,0.9878
15.0,0.2295,-0.0027,0.9860
15.0,0.2308,-0.0008,0.9902
15.0,0.2304,-0.0021,0.9886
15.0,0.2323,-0.0021,0.9852
15.0,0.2320,-0.0033,0.9896
15.0,0.2303,-0.0036,0.9855
15.0,0.2352,-0.0036,0.9883
15.0,0.2312,-0.0042,0.9855
15.0,0.2301,-0.0030,0.9858
15.0,0.2329,-0.0011,0.9885
15.0,0.2304,-0.0024,0.9874
15.0,0.2312,-0.0039,0.9877
15.0,0.2326,-0.0060,0.9885
15.0,0.2325,-0.0066,0.9871
15.0,0.2318,-0.0030,0.9869
15.0,0.2301,-0.0013,0.9869
15.0,0.2310,-0.0030,0.9877
15.0,0.2302,-0.0021,0.9860
15.0,0.2304,-0.0026,0.9888
15.0,0.2292,-0.0028,0.9885
15.0,0.2306,-0.0022,0.9871
15.0,0.2301,-0.0019,0.9885
15.0,0.2274,-0.0044,0.9873
15.0,0.2287,-0.0033,0.9889
15.0,0.2284,-0.0003,0.9878
15.0,0.2321,-0.0046,0.9889
15.0,0.2309,-0.0006,0.9896
15.0,0.2298,-0.0017,0.9879
15.0,0.2306,-0.0024,0.9872
15.0,0.2312,-0.0031,0.9872
15.0,0.2308,-0.0037,0.9910
15.0,0.2310,-0.0027,0.9889
15.0,0.2301,-0.0030,0.9857
15.0,0.2292,-0.0013,0.9851
15.0,0.2297,-0.0000,0.9868
15.0,0.2318,-0.0030,0.9878
15.0,0.2317,-0.0022,0.9901
15.0,0.2290,-0.0036,0.9900
15.0,0.2313,-0.0009,0.9888
15.0,0.2299,-0.0030,0.9846
15.0,0.2288,-0.0021,0.9868
15.0,0.2303,-0.0009,0.9852
15.0,0.2299,-0.0038,0.9896
  15  | 0.231  | -0.003  | 0.988  | 1.0144  | 1.44%
  [OK]

Dat cam bien nghieng 30 do (theo truc X), nhan phim:
#CSV
30.0,0.4782,0.0068,0.8940
30.0,0.4785,0.0022,0.8921
30.0,0.4786,0.0026,0.8893
30.0,0.4785,0.0045,0.8909
30.0,0.4760,0.0009,0.8926
30.0,0.4795,0.0044,0.8936
30.0,0.4786,0.0006,0.8948
30.0,0.4775,0.0037,0.8944
30.0,0.4785,0.0051,0.8893
30.0,0.4779,0.0040,0.8927
30.0,0.4797,0.0011,0.8949
30.0,0.4817,0.0042,0.8959
30.0,0.4780,0.0029,0.8969
30.0,0.4763,0.0044,0.8915
30.0,0.4797,0.0047,0.8922
30.0,0.4775,0.0034,0.8938
30.0,0.4796,0.0034,0.8926
30.0,0.4763,0.0041,0.8940
30.0,0.4784,0.0036,0.8923
30.0,0.4758,0.0029,0.8910
30.0,0.4765,0.0028,0.8920
30.0,0.4780,0.0023,0.8887
30.0,0.4792,0.0033,0.8893
30.0,0.4773,0.0036,0.8914
30.0,0.4788,0.0013,0.8918
30.0,0.4770,0.0037,0.8921
30.0,0.4765,0.0041,0.8962
30.0,0.4745,0.0019,0.8943
30.0,0.4779,0.0005,0.8903
30.0,0.4767,0.0059,0.8939
30.0,0.4753,0.0026,0.8929
30.0,0.4768,0.0030,0.8937
30.0,0.4763,0.0044,0.8900
30.0,0.4780,0.0014,0.8939
30.0,0.4776,0.0052,0.8965
30.0,0.4752,0.0035,0.8955
30.0,0.4795,0.0014,0.8933
30.0,0.4787,0.0031,0.8927
30.0,0.4788,0.0026,0.8898
30.0,0.4781,0.0017,0.8911
30.0,0.4778,0.0062,0.8917
30.0,0.4745,0.0041,0.8972
30.0,0.4785,0.0029,0.8940
30.0,0.4785,0.0044,0.8933
30.0,0.4741,-0.0000,0.8937
30.0,0.4779,0.0036,0.8912
30.0,0.4774,0.0003,0.8937
30.0,0.4782,0.0001,0.8950
30.0,0.4808,0.0046,0.8899
30.0,0.4757,0.0030,0.8967
30.0,0.4779,0.0037,0.8895
30.0,0.4784,0.0023,0.8940
30.0,0.4782,0.0044,0.8943
30.0,0.4786,0.0042,0.8904
30.0,0.4785,0.0012,0.8903
30.0,0.4798,0.0022,0.8933
30.0,0.4803,0.0042,0.8928
30.0,0.4765,-0.0006,0.8939
30.0,0.4767,0.0042,0.8933
30.0,0.4781,0.0040,0.8921
30.0,0.4756,0.0028,0.8987
30.0,0.4754,0.0045,0.8917
30.0,0.4809,0.0040,0.8934
30.0,0.4797,0.0047,0.8915
30.0,0.4792,0.0024,0.8942
30.0,0.4781,0.0014,0.8938
30.0,0.4763,0.0034,0.8928
30.0,0.4796,0.0044,0.8905
30.0,0.4806,0.0024,0.8967
30.0,0.4767,0.0024,0.8937
30.0,0.4769,0.0050,0.8903
30.0,0.4735,0.0029,0.8975
30.0,0.4757,0.0014,0.8937
30.0,0.4774,0.0029,0.8922
30.0,0.4792,0.0005,0.8950
30.0,0.4759,0.0003,0.8932
30.0,0.4774,0.0029,0.8918
30.0,0.4771,0.0034,0.8942
30.0,0.4771,0.0026,0.8932
30.0,0.4774,-0.0002,0.8948
30.0,0.4812,0.0015,0.8939
30.0,0.4762,0.0035,0.8915
30.0,0.4760,0.0035,0.8909
30.0,0.4768,0.0035,0.8929
30.0,0.4791,0.0029,0.8931
30.0,0.4764,0.0019,0.8879
30.0,0.4788,0.0037,0.8907
30.0,0.4795,0.0042,0.8907
30.0,0.4793,0.0036,0.8909
30.0,0.4765,0.0015,0.8949
30.0,0.4763,0.0057,0.8937
30.0,0.4774,0.0048,0.8937
30.0,0.4748,0.0020,0.8928
30.0,0.4753,0.0015,0.8944
30.0,0.4768,0.0029,0.8925
30.0,0.4768,0.0002,0.8916
30.0,0.4773,0.0036,0.8911
30.0,0.4780,0.0024,0.8964
30.0,0.4768,0.0018,0.8925
30.0,0.4784,0.0033,0.8925
30.0,0.4773,0.0037,0.8955
30.0,0.4780,0.0053,0.8944
30.0,0.4773,0.0035,0.8896
30.0,0.4765,0.0002,0.8925
30.0,0.4740,0.0052,0.8912
30.0,0.4765,0.0036,0.8927
30.0,0.4762,0.0025,0.8938
30.0,0.4775,0.0029,0.8933
30.0,0.4770,0.0039,0.8960
30.0,0.4798,0.0067,0.8948
30.0,0.4769,0.0050,0.8906
30.0,0.4757,0.0013,0.8914
30.0,0.4758,0.0035,0.8910
30.0,0.4759,0.0051,0.8918
30.0,0.4788,0.0020,0.8932
30.0,0.4767,0.0041,0.8903
30.0,0.4776,0.0040,0.8954
30.0,0.4804,0.0039,0.8962
30.0,0.4770,0.0029,0.8948
30.0,0.4756,0.0017,0.8962
30.0,0.4779,0.0024,0.8936
30.0,0.4798,0.0019,0.8921
30.0,0.4785,0.0030,0.8909
30.0,0.4765,0.0028,0.8917
30.0,0.4781,0.0044,0.8920
30.0,0.4785,0.0026,0.8955
30.0,0.4781,0.0035,0.8920
30.0,0.4762,0.0030,0.8926
30.0,0.4785,0.0052,0.8901
30.0,0.4756,0.0040,0.8927
30.0,0.4786,0.0037,0.8895
30.0,0.4768,0.0061,0.8948
30.0,0.4767,0.0037,0.8931
30.0,0.4792,0.0039,0.8921
30.0,0.4773,-0.0003,0.8938
30.0,0.4780,-0.0004,0.8944
30.0,0.4819,0.0039,0.8927
30.0,0.4803,0.0011,0.8936
30.0,0.4769,0.0020,0.8920
30.0,0.4801,0.0018,0.8944
30.0,0.4776,0.0035,0.8951
30.0,0.4769,0.0045,0.8926
30.0,0.4770,0.0024,0.8940
30.0,0.4786,0.0013,0.8909
30.0,0.4745,0.0017,0.8943
30.0,0.4776,0.0044,0.8955
30.0,0.4764,0.0029,0.8942
30.0,0.4787,0.0008,0.8933
30.0,0.4751,0.0046,0.8927
30.0,0.4782,0.0041,0.8953
30.0,0.4781,0.0050,0.8926
30.0,0.4768,0.0034,0.8960
30.0,0.4774,0.0039,0.8917
30.0,0.4792,0.0045,0.8971
30.0,0.4758,0.0013,0.8929
30.0,0.4785,0.0006,0.8943
30.0,0.4784,0.0035,0.8907
30.0,0.4773,0.0030,0.8901
30.0,0.4753,0.0030,0.8927
30.0,0.4796,0.0017,0.8944
30.0,0.4754,0.0045,0.8907
30.0,0.4801,0.0013,0.8915
30.0,0.4770,0.0007,0.8927
30.0,0.4808,0.0044,0.8917
30.0,0.4771,0.0029,0.8911
30.0,0.4763,0.0020,0.8944
30.0,0.4785,0.0022,0.8932
30.0,0.4751,0.0037,0.8947
30.0,0.4745,0.0037,0.8938
30.0,0.4752,0.0035,0.8950
30.0,0.4779,0.0031,0.8916
30.0,0.4786,0.0045,0.8932
30.0,0.4769,0.0035,0.8916
30.0,0.4767,0.0063,0.8966
30.0,0.4802,0.0020,0.8940
30.0,0.4784,0.0036,0.8955
30.0,0.4778,0.0030,0.8954
30.0,0.4760,0.0028,0.8937
30.0,0.4797,0.0033,0.8953
30.0,0.4775,0.0058,0.8940
30.0,0.4747,0.0018,0.8917
30.0,0.4764,0.0039,0.8907
30.0,0.4773,0.0061,0.8926
30.0,0.4790,0.0011,0.8953
30.0,0.4780,0.0014,0.8936
30.0,0.4774,0.0063,0.8926
30.0,0.4779,0.0036,0.8959
30.0,0.4786,0.0057,0.8909
30.0,0.4784,0.0030,0.8917
30.0,0.4787,0.0050,0.8926
30.0,0.4792,-0.0008,0.8917
30.0,0.4731,0.0020,0.8931
30.0,0.4792,0.0026,0.8916
30.0,0.4788,0.0009,0.8910
30.0,0.4767,0.0030,0.8922
30.0,0.4796,0.0033,0.8927
30.0,0.4769,0.0034,0.8929
30.0,0.4759,0.0005,0.8934
30.0,0.4758,0.0022,0.8927
30.0,0.4757,0.0047,0.8955
  30  | 0.478  | 0.003  | 0.893  | 1.0127  | 1.27%
  [OK]

Dat cam bien nghieng 45 do (theo truc X), nhan phim:
#CSV
45.0,0.6909,-0.0099,0.7379
45.0,0.6878,-0.0100,0.7384
45.0,0.6905,-0.0113,0.7384
45.0,0.6900,-0.0104,0.7355
45.0,0.6894,-0.0120,0.7404
45.0,0.6915,-0.0129,0.7375
45.0,0.6895,-0.0103,0.7388
45.0,0.6889,-0.0113,0.7422
45.0,0.6888,-0.0121,0.7372
45.0,0.6899,-0.0121,0.7411
45.0,0.6905,-0.0137,0.7382
45.0,0.6881,-0.0107,0.7386
45.0,0.6908,-0.0126,0.7385
45.0,0.6886,-0.0120,0.7407
45.0,0.6917,-0.0133,0.7378
45.0,0.6897,-0.0103,0.7400
45.0,0.6895,-0.0119,0.7379
45.0,0.6905,-0.0115,0.7352
45.0,0.6872,-0.0102,0.7373
45.0,0.6895,-0.0081,0.7355
45.0,0.6883,-0.0091,0.7393
45.0,0.6877,-0.0120,0.7390
45.0,0.6882,-0.0122,0.7357
45.0,0.6864,-0.0108,0.7340
45.0,0.6886,-0.0114,0.7401
45.0,0.6870,-0.0108,0.7401
45.0,0.6877,-0.0120,0.7377
45.0,0.6895,-0.0121,0.7382
45.0,0.6898,-0.0127,0.7404
45.0,0.6884,-0.0104,0.7375
45.0,0.6911,-0.0124,0.7422
45.0,0.6899,-0.0113,0.7391
45.0,0.6909,-0.0121,0.7334
45.0,0.6894,-0.0094,0.7384
45.0,0.6922,-0.0121,0.7369
45.0,0.6892,-0.0136,0.7361
45.0,0.6864,-0.0097,0.7395
45.0,0.6855,-0.0116,0.7388
45.0,0.6913,-0.0129,0.7383
45.0,0.6873,-0.0104,0.7402
45.0,0.6891,-0.0114,0.7372
45.0,0.6905,-0.0114,0.7358
45.0,0.6928,-0.0122,0.7372
45.0,0.6897,-0.0105,0.7344
45.0,0.6905,-0.0091,0.7400
45.0,0.6894,-0.0122,0.7396
45.0,0.6893,-0.0094,0.7411
45.0,0.6906,-0.0108,0.7391
45.0,0.6913,-0.0109,0.7382
45.0,0.6887,-0.0129,0.7385
45.0,0.6884,-0.0115,0.7401
45.0,0.6891,-0.0133,0.7383
45.0,0.6886,-0.0116,0.7365
45.0,0.6892,-0.0105,0.7391
45.0,0.6887,-0.0126,0.7400
45.0,0.6880,-0.0138,0.7385
45.0,0.6895,-0.0126,0.7357
45.0,0.6877,-0.0136,0.7372
45.0,0.6877,-0.0109,0.7354
45.0,0.6924,-0.0124,0.7356
45.0,0.6894,-0.0126,0.7368
45.0,0.6872,-0.0109,0.7408
45.0,0.6884,-0.0147,0.7424
45.0,0.6899,-0.0107,0.7371
45.0,0.6898,-0.0136,0.7369
45.0,0.6900,-0.0116,0.7389
45.0,0.6910,-0.0132,0.7362
45.0,0.6900,-0.0118,0.7428
45.0,0.6933,-0.0122,0.7382
45.0,0.6872,-0.0116,0.7401
45.0,0.6897,-0.0121,0.7383
45.0,0.6877,-0.0111,0.7385
45.0,0.6888,-0.0127,0.7378
45.0,0.6886,-0.0115,0.7393
45.0,0.6870,-0.0126,0.7406
45.0,0.6932,-0.0122,0.7382
45.0,0.6894,-0.0140,0.7427
45.0,0.6867,-0.0105,0.7399
45.0,0.6899,-0.0088,0.7410
45.0,0.6871,-0.0124,0.7434
45.0,0.6899,-0.0109,0.7384
45.0,0.6903,-0.0129,0.7379
45.0,0.6919,-0.0110,0.7363
45.0,0.6905,-0.0127,0.7386
45.0,0.6902,-0.0088,0.7344
45.0,0.6848,-0.0118,0.7386
45.0,0.6869,-0.0124,0.7377
45.0,0.6894,-0.0115,0.7385
45.0,0.6900,-0.0132,0.7360
45.0,0.6876,-0.0109,0.7400
45.0,0.6922,-0.0116,0.7373
45.0,0.6911,-0.0108,0.7384
45.0,0.6910,-0.0114,0.7378
45.0,0.6870,-0.0116,0.7394
45.0,0.6862,-0.0114,0.7378
45.0,0.6882,-0.0116,0.7386
45.0,0.6905,-0.0126,0.7391
45.0,0.6886,-0.0115,0.7349
45.0,0.6913,-0.0127,0.7358
45.0,0.6905,-0.0135,0.7413
45.0,0.6892,-0.0122,0.7404
45.0,0.6894,-0.0098,0.7389
45.0,0.6910,-0.0118,0.7406
45.0,0.6869,-0.0132,0.7378
45.0,0.6897,-0.0125,0.7355
45.0,0.6900,-0.0130,0.7399
45.0,0.6891,-0.0129,0.7332
45.0,0.6884,-0.0115,0.7395
45.0,0.6888,-0.0100,0.7417
45.0,0.6900,-0.0119,0.7378
45.0,0.6897,-0.0140,0.7372
45.0,0.6902,-0.0105,0.7366
45.0,0.6909,-0.0121,0.7385
45.0,0.6892,-0.0099,0.7384
45.0,0.6876,-0.0093,0.7355
45.0,0.6904,-0.0130,0.7404
45.0,0.6883,-0.0116,0.7418
45.0,0.6864,-0.0129,0.7350
45.0,0.6920,-0.0147,0.7358
45.0,0.6882,-0.0124,0.7375
45.0,0.6894,-0.0113,0.7368
45.0,0.6925,-0.0104,0.7378
45.0,0.6892,-0.0127,0.7391
45.0,0.6892,-0.0126,0.7344
45.0,0.6898,-0.0130,0.7416
45.0,0.6919,-0.0097,0.7361
45.0,0.6897,-0.0103,0.7388
45.0,0.6870,-0.0092,0.7368
45.0,0.6895,-0.0091,0.7386
45.0,0.6875,-0.0127,0.7404
45.0,0.6926,-0.0103,0.7404
45.0,0.6897,-0.0087,0.7397
45.0,0.6887,-0.0105,0.7382
45.0,0.6888,-0.0110,0.7365
45.0,0.6888,-0.0137,0.7390
45.0,0.6870,-0.0104,0.7417
45.0,0.6876,-0.0103,0.7400
45.0,0.6899,-0.0142,0.7400
45.0,0.6905,-0.0104,0.7361
45.0,0.6883,-0.0102,0.7372
45.0,0.6882,-0.0103,0.7358
45.0,0.6871,-0.0130,0.7419
45.0,0.6893,-0.0102,0.7343
45.0,0.6909,-0.0122,0.7390
45.0,0.6877,-0.0146,0.7390
45.0,0.6888,-0.0135,0.7416
45.0,0.6889,-0.0097,0.7394
45.0,0.6910,-0.0135,0.7401
45.0,0.6898,-0.0120,0.7380
45.0,0.6891,-0.0130,0.7365
45.0,0.6884,-0.0131,0.7378
45.0,0.6887,-0.0092,0.7413
45.0,0.6876,-0.0107,0.7388
45.0,0.6898,-0.0115,0.7375
45.0,0.6892,-0.0110,0.7406
45.0,0.6888,-0.0120,0.7385
45.0,0.6877,-0.0132,0.7397
45.0,0.6882,-0.0110,0.7393
45.0,0.6873,-0.0116,0.7372
45.0,0.6894,-0.0115,0.7374
45.0,0.6880,-0.0113,0.7389
45.0,0.6906,-0.0104,0.7412
45.0,0.6887,-0.0157,0.7432
45.0,0.6900,-0.0105,0.7399
45.0,0.6902,-0.0113,0.7410
45.0,0.6903,-0.0125,0.7417
45.0,0.6914,-0.0107,0.7399
45.0,0.6880,-0.0124,0.7390
45.0,0.6861,-0.0105,0.7385
45.0,0.6909,-0.0138,0.7380
45.0,0.6866,-0.0113,0.7386
45.0,0.6889,-0.0107,0.7384
45.0,0.6906,-0.0140,0.7357
45.0,0.6882,-0.0125,0.7324
45.0,0.6889,-0.0113,0.7402
45.0,0.6887,-0.0085,0.7396
45.0,0.6899,-0.0077,0.7390
45.0,0.6882,-0.0100,0.7407
45.0,0.6869,-0.0116,0.7404
45.0,0.6905,-0.0102,0.7346
45.0,0.6871,-0.0147,0.7368
45.0,0.6887,-0.0087,0.7385
45.0,0.6882,-0.0105,0.7374
45.0,0.6880,-0.0126,0.7406
45.0,0.6897,-0.0104,0.7404
45.0,0.6880,-0.0103,0.7395
45.0,0.6862,-0.0118,0.7395
45.0,0.6861,-0.0114,0.7434
45.0,0.6870,-0.0076,0.7390
45.0,0.6884,-0.0113,0.7391
45.0,0.6924,-0.0135,0.7395
45.0,0.6902,-0.0109,0.7377
45.0,0.6889,-0.0108,0.7367
45.0,0.6902,-0.0118,0.7405
45.0,0.6866,-0.0129,0.7401
45.0,0.6892,-0.0141,0.7382
45.0,0.6914,-0.0136,0.7374
45.0,0.6876,-0.0132,0.7384
45.0,0.6917,-0.0115,0.7369
45.0,0.6902,-0.0108,0.7386
  45  | 0.689  | -0.012  | 0.739  | 1.0102  | 1.02%
  [OK]

Dat cam bien nghieng 60 do (theo truc X), nhan phim:
#CSV
60.0,0.8553,-0.0130,0.5376
60.0,0.8538,-0.0137,0.5358
60.0,0.8553,-0.0110,0.5370
60.0,0.8532,-0.0127,0.5333
60.0,0.8530,-0.0124,0.5348
60.0,0.8546,-0.0130,0.5356
60.0,0.8523,-0.0147,0.5349
60.0,0.8543,-0.0132,0.5327
60.0,0.8548,-0.0103,0.5314
60.0,0.8526,-0.0118,0.5330
60.0,0.8563,-0.0108,0.5333
60.0,0.8529,-0.0135,0.5380
60.0,0.8531,-0.0120,0.5366
60.0,0.8543,-0.0133,0.5345
60.0,0.8541,-0.0115,0.5337
60.0,0.8552,-0.0175,0.5327
60.0,0.8557,-0.0125,0.5327
60.0,0.8551,-0.0124,0.5303
60.0,0.8534,-0.0110,0.5334
60.0,0.8552,-0.0129,0.5328
60.0,0.8514,-0.0127,0.5347
60.0,0.8529,-0.0127,0.5288
60.0,0.8567,-0.0131,0.5291
60.0,0.8553,-0.0141,0.5341
60.0,0.8538,-0.0108,0.5300
60.0,0.8543,-0.0122,0.5338
60.0,0.8582,-0.0118,0.5308
60.0,0.8513,-0.0143,0.5297
60.0,0.8523,-0.0146,0.5327
60.0,0.8529,-0.0119,0.5354
60.0,0.8552,-0.0149,0.5333
60.0,0.8563,-0.0135,0.5319
60.0,0.8543,-0.0133,0.5304
60.0,0.8563,-0.0132,0.5342
60.0,0.8549,-0.0111,0.5286
60.0,0.8538,-0.0114,0.5363
60.0,0.8532,-0.0133,0.5367
60.0,0.8574,-0.0116,0.5325
60.0,0.8569,-0.0137,0.5345
60.0,0.8548,-0.0131,0.5338
60.0,0.8540,-0.0138,0.5341
60.0,0.8549,-0.0147,0.5339
60.0,0.8542,-0.0093,0.5320
60.0,0.8548,-0.0113,0.5328
60.0,0.8537,-0.0114,0.5308
60.0,0.8545,-0.0141,0.5317
60.0,0.8497,-0.0142,0.5313
60.0,0.8567,-0.0172,0.5311
60.0,0.8547,-0.0166,0.5322
60.0,0.8528,-0.0131,0.5345
60.0,0.8560,-0.0126,0.5334
60.0,0.8574,-0.0142,0.5326
60.0,0.8546,-0.0140,0.5323
60.0,0.8546,-0.0135,0.5360
60.0,0.8546,-0.0148,0.5319
60.0,0.8576,-0.0140,0.5334
60.0,0.8531,-0.0137,0.5359
60.0,0.8548,-0.0143,0.5315
60.0,0.8552,-0.0143,0.5355
60.0,0.8531,-0.0107,0.5326
60.0,0.8553,-0.0135,0.5304
60.0,0.8547,-0.0141,0.5339
60.0,0.8540,-0.0120,0.5344
60.0,0.8543,-0.0124,0.5348
60.0,0.8558,-0.0141,0.5358
60.0,0.8551,-0.0131,0.5360
60.0,0.8547,-0.0149,0.5316
60.0,0.8549,-0.0131,0.5356
60.0,0.8571,-0.0125,0.5333
60.0,0.8541,-0.0127,0.5319
60.0,0.8554,-0.0146,0.5334
60.0,0.8552,-0.0136,0.5332
60.0,0.8565,-0.0152,0.5302
60.0,0.8564,-0.0149,0.5365
60.0,0.8531,-0.0109,0.5328
60.0,0.8546,-0.0125,0.5354
60.0,0.8549,-0.0135,0.5337
60.0,0.8538,-0.0119,0.5319
60.0,0.8541,-0.0151,0.5339
60.0,0.8515,-0.0118,0.5358
60.0,0.8576,-0.0137,0.5332
60.0,0.8547,-0.0146,0.5336
60.0,0.8542,-0.0124,0.5359
60.0,0.8573,-0.0121,0.5341
60.0,0.8554,-0.0159,0.5334
60.0,0.8535,-0.0146,0.5323
60.0,0.8534,-0.0146,0.5341
60.0,0.8567,-0.0154,0.5349
60.0,0.8536,-0.0136,0.5382
60.0,0.8523,-0.0153,0.5339
60.0,0.8547,-0.0151,0.5352
60.0,0.8549,-0.0133,0.5333
60.0,0.8543,-0.0132,0.5341
60.0,0.8552,-0.0129,0.5331
60.0,0.8546,-0.0141,0.5352
60.0,0.8513,-0.0102,0.5327
60.0,0.8537,-0.0122,0.5327
60.0,0.8554,-0.0133,0.5297
60.0,0.8542,-0.0137,0.5352
60.0,0.8540,-0.0114,0.5321
60.0,0.8571,-0.0141,0.5288
60.0,0.8530,-0.0119,0.5344
60.0,0.8563,-0.0138,0.5344
60.0,0.8546,-0.0136,0.5326
60.0,0.8553,-0.0160,0.5325
60.0,0.8560,-0.0122,0.5330
60.0,0.8540,-0.0121,0.5334
60.0,0.8563,-0.0131,0.5323
60.0,0.8537,-0.0129,0.5328
60.0,0.8541,-0.0110,0.5328
60.0,0.8538,-0.0144,0.5360
60.0,0.8515,-0.0116,0.5343
60.0,0.8548,-0.0140,0.5369
60.0,0.8549,-0.0118,0.5316
60.0,0.8540,-0.0129,0.5358
60.0,0.8540,-0.0143,0.5377
60.0,0.8525,-0.0153,0.5354
60.0,0.8559,-0.0149,0.5353
60.0,0.8571,-0.0135,0.5319
60.0,0.8543,-0.0126,0.5367
60.0,0.8526,-0.0096,0.5320
60.0,0.8534,-0.0132,0.5352
60.0,0.8534,-0.0135,0.5342
60.0,0.8534,-0.0130,0.5315
60.0,0.8569,-0.0159,0.5322
60.0,0.8534,-0.0151,0.5358
60.0,0.8517,-0.0160,0.5322
60.0,0.8514,-0.0141,0.5319
60.0,0.8560,-0.0133,0.5337
60.0,0.8552,-0.0130,0.5300
60.0,0.8541,-0.0119,0.5321
60.0,0.8563,-0.0131,0.5313
60.0,0.8549,-0.0163,0.5313
60.0,0.8532,-0.0136,0.5328
60.0,0.8536,-0.0110,0.5305
60.0,0.8557,-0.0126,0.5363
60.0,0.8524,-0.0146,0.5359
60.0,0.8569,-0.0148,0.5349
60.0,0.8537,-0.0140,0.5344
60.0,0.8501,-0.0147,0.5355
60.0,0.8546,-0.0125,0.5337
60.0,0.8543,-0.0132,0.5334
60.0,0.8528,-0.0171,0.5342
60.0,0.8543,-0.0129,0.5336
60.0,0.8562,-0.0132,0.5289
60.0,0.8535,-0.0137,0.5308
60.0,0.8564,-0.0148,0.5359
60.0,0.8528,-0.0114,0.5317
60.0,0.8531,-0.0142,0.5328
60.0,0.8543,-0.0135,0.5344
60.0,0.8535,-0.0133,0.5358
60.0,0.8529,-0.0153,0.5334
60.0,0.8553,-0.0177,0.5326
60.0,0.8531,-0.0143,0.5328
60.0,0.8535,-0.0135,0.5328
60.0,0.8525,-0.0094,0.5341
60.0,0.8517,-0.0103,0.5339
60.0,0.8531,-0.0136,0.5365
60.0,0.8545,-0.0135,0.5328
60.0,0.8569,-0.0141,0.5353
60.0,0.8548,-0.0148,0.5304
60.0,0.8552,-0.0131,0.5328
60.0,0.8546,-0.0118,0.5355
60.0,0.8535,-0.0109,0.5319
60.0,0.8529,-0.0135,0.5366
60.0,0.8537,-0.0151,0.5332
60.0,0.8528,-0.0126,0.5328
60.0,0.8529,-0.0124,0.5322
60.0,0.8529,-0.0138,0.5336
60.0,0.8568,-0.0131,0.5356
60.0,0.8523,-0.0151,0.5347
60.0,0.8547,-0.0127,0.5314
60.0,0.8534,-0.0135,0.5344
60.0,0.8542,-0.0151,0.5365
60.0,0.8523,-0.0111,0.5328
60.0,0.8564,-0.0131,0.5330
60.0,0.8528,-0.0133,0.5309
60.0,0.8548,-0.0142,0.5325
60.0,0.8534,-0.0135,0.5343
60.0,0.8551,-0.0135,0.5366
60.0,0.8521,-0.0160,0.5342
60.0,0.8546,-0.0143,0.5331
60.0,0.8556,-0.0140,0.5334
60.0,0.8535,-0.0130,0.5342
60.0,0.8569,-0.0126,0.5323
60.0,0.8554,-0.0148,0.5330
60.0,0.8535,-0.0130,0.5320
60.0,0.8529,-0.0105,0.5377
60.0,0.8558,-0.0142,0.5347
60.0,0.8545,-0.0140,0.5343
60.0,0.8570,-0.0125,0.5356
60.0,0.8546,-0.0132,0.5322
60.0,0.8558,-0.0131,0.5313
60.0,0.8519,-0.0120,0.5339
60.0,0.8541,-0.0122,0.5316
60.0,0.8563,-0.0113,0.5326
60.0,0.8552,-0.0120,0.5343
60.0,0.8538,-0.0130,0.5322
60.0,0.8560,-0.0140,0.5313
60.0,0.8554,-0.0108,0.5309
  60  | 0.854  | -0.013  | 0.533  | 1.0074  | 0.74%
  [OK]

Dat cam bien nghieng 90 do (theo truc X), nhan phim:
#CSV
90.0,0.9935,-0.0252,-0.1107
90.0,1.0012,-0.0243,-0.1349
90.0,0.9968,-0.0268,-0.1262
90.0,0.9968,-0.0270,-0.1338
90.0,0.9967,-0.0241,-0.1211
90.0,0.9961,-0.0242,-0.1090
90.0,0.9936,-0.0240,-0.1155
90.0,0.9961,-0.0246,-0.1237
90.0,0.9972,-0.0265,-0.1278
90.0,0.9974,-0.0242,-0.1201
90.0,0.9961,-0.0241,-0.1183
90.0,0.9947,-0.0227,-0.1234
90.0,0.9963,-0.0245,-0.1270
90.0,0.9942,-0.0245,-0.1213
90.0,0.9935,-0.0218,-0.1185
90.0,0.9947,-0.0236,-0.1265
90.0,0.9935,-0.0245,-0.1173
90.0,0.9963,-0.0231,-0.1228
90.0,0.9964,-0.0240,-0.1249
90.0,0.9956,-0.0251,-0.1274
90.0,0.9955,-0.0212,-0.1183
90.0,0.9933,-0.0248,-0.1145
90.0,0.9956,-0.0249,-0.1218
90.0,0.9958,-0.0237,-0.1293
90.0,0.9964,-0.0248,-0.1230
90.0,0.9956,-0.0274,-0.1222
90.0,0.9964,-0.0252,-0.1199
90.0,0.9959,-0.0264,-0.1249
90.0,0.9976,-0.0254,-0.1240
90.0,0.9980,-0.0243,-0.1251
90.0,0.9957,-0.0260,-0.1195
90.0,0.9976,-0.0238,-0.1201
90.0,0.9975,-0.0270,-0.1250
90.0,0.9957,-0.0248,-0.1300
90.0,0.9928,-0.0230,-0.1110
90.0,0.9956,-0.0255,-0.1241
90.0,0.9968,-0.0236,-0.1279
90.0,0.9978,-0.0235,-0.1189
90.0,0.9941,-0.0230,-0.1162
90.0,0.9975,-0.0226,-0.1206
90.0,0.9953,-0.0225,-0.1217
90.0,0.9963,-0.0243,-0.1154
90.0,0.9950,-0.0258,-0.1166
90.0,0.9951,-0.0231,-0.1222
90.0,0.9998,-0.0271,-0.1224
90.0,0.9986,-0.0235,-0.1273
90.0,0.9963,-0.0230,-0.1233
90.0,0.9957,-0.0218,-0.1233
90.0,0.9957,-0.0252,-0.1183
90.0,0.9958,-0.0259,-0.1221
90.0,0.9951,-0.0259,-0.1193
90.0,0.9947,-0.0269,-0.1222
90.0,0.9968,-0.0262,-0.1306
90.0,0.9969,-0.0279,-0.1267
90.0,0.9973,-0.0246,-0.1172
90.0,0.9946,-0.0226,-0.1145
90.0,0.9981,-0.0243,-0.1252
90.0,0.9979,-0.0260,-0.1146
90.0,0.9956,-0.0246,-0.1238
90.0,0.9961,-0.0251,-0.1155
90.0,0.9959,-0.0254,-0.1232
90.0,0.9970,-0.0255,-0.1294
90.0,0.9984,-0.0249,-0.1278
90.0,0.9959,-0.0243,-0.1171
90.0,0.9963,-0.0247,-0.1113
90.0,0.9965,-0.0245,-0.1212
90.0,0.9991,-0.0243,-0.1311
90.0,0.9962,-0.0230,-0.1268
90.0,0.9974,-0.0226,-0.1128
90.0,0.9959,-0.0242,-0.1038
90.0,0.9973,-0.0249,-0.1124
90.0,0.9965,-0.0259,-0.1171
90.0,0.9958,-0.0226,-0.1250
90.0,0.9986,-0.0246,-0.1217
90.0,0.9975,-0.0237,-0.1168
90.0,0.9961,-0.0246,-0.1105
90.0,0.9965,-0.0270,-0.1107
90.0,0.9956,-0.0247,-0.1162
90.0,0.9983,-0.0240,-0.1309
90.0,0.9980,-0.0259,-0.1200
90.0,0.9967,-0.0224,-0.1168
90.0,0.9963,-0.0249,-0.1161
90.0,0.9952,-0.0257,-0.1187
90.0,0.9945,-0.0242,-0.1158
90.0,0.9981,-0.0242,-0.1141
90.0,0.9945,-0.0276,-0.1104
90.0,0.9956,-0.0243,-0.1234
90.0,0.9956,-0.0240,-0.1167
90.0,0.9965,-0.0270,-0.1156
90.0,0.9987,-0.0236,-0.1180
90.0,0.9955,-0.0229,-0.1168
90.0,0.9984,-0.0257,-0.1226
90.0,0.9957,-0.0241,-0.1323
90.0,0.9965,-0.0254,-0.1057
90.0,0.9928,-0.0246,-0.1116
90.0,0.9968,-0.0248,-0.1139
90.0,0.9955,-0.0252,-0.1254
90.0,0.9953,-0.0241,-0.1282
90.0,0.9964,-0.0240,-0.1134
90.0,0.9952,-0.0216,-0.1215
90.0,0.9952,-0.0259,-0.1082
90.0,0.9937,-0.0251,-0.1144
90.0,0.9980,-0.0242,-0.1177
90.0,0.9958,-0.0230,-0.1326
90.0,0.9965,-0.0249,-0.1311
90.0,0.9940,-0.0264,-0.1187
90.0,0.9946,-0.0260,-0.1171
90.0,0.9980,-0.0234,-0.1199
90.0,0.9935,-0.0264,-0.1157
90.0,0.9968,-0.0243,-0.1256
90.0,0.9953,-0.0224,-0.1244
90.0,0.9974,-0.0242,-0.1274
90.0,0.9970,-0.0243,-0.1206
90.0,0.9958,-0.0245,-0.1216
90.0,0.9979,-0.0252,-0.1259
90.0,0.9984,-0.0229,-0.1284
90.0,0.9989,-0.0230,-0.1326
90.0,0.9961,-0.0260,-0.1323
90.0,0.9965,-0.0249,-0.1187
90.0,0.9944,-0.0276,-0.1118
90.0,0.9973,-0.0275,-0.1251
90.0,0.9996,-0.0253,-0.1349
90.0,0.9987,-0.0238,-0.1301
90.0,0.9946,-0.0236,-0.1239
90.0,0.9961,-0.0254,-0.1177
90.0,0.9956,-0.0249,-0.1130
90.0,0.9944,-0.0220,-0.1173
90.0,0.9979,-0.0260,-0.1241
90.0,0.9950,-0.0242,-0.1222
90.0,0.9990,-0.0225,-0.1261
90.0,0.9958,-0.0245,-0.1113
90.0,0.9975,-0.0264,-0.1226
90.0,0.9944,-0.0223,-0.1291
90.0,0.9956,-0.0235,-0.1189
90.0,0.9970,-0.0243,-0.1229
90.0,0.9980,-0.0248,-0.1337
90.0,0.9998,-0.0238,-0.1300
90.0,0.9957,-0.0240,-0.1171
90.0,0.9974,-0.0248,-0.1262
90.0,0.9958,-0.0254,-0.1228
90.0,0.9963,-0.0224,-0.1184
90.0,0.9964,-0.0210,-0.1202
90.0,0.9948,-0.0247,-0.1213
90.0,0.9964,-0.0249,-0.1360
90.0,0.9936,-0.0215,-0.1276
90.0,0.9961,-0.0251,-0.1254
90.0,0.9961,-0.0254,-0.1078
90.0,0.9935,-0.0225,-0.1119
90.0,0.9951,-0.0274,-0.1289
90.0,0.9950,-0.0242,-0.1343
90.0,0.9951,-0.0245,-0.1250
90.0,0.9946,-0.0268,-0.1215
90.0,0.9940,-0.0235,-0.1178
90.0,0.9939,-0.0260,-0.1134
90.0,0.9944,-0.0240,-0.1173
90.0,0.9941,-0.0262,-0.1201
90.0,0.9969,-0.0243,-0.1370
90.0,0.9968,-0.0241,-0.1274
90.0,0.9946,-0.0258,-0.1183
90.0,0.9955,-0.0236,-0.1240
90.0,0.9974,-0.0241,-0.1262
90.0,0.9976,-0.0262,-0.1271
90.0,0.9951,-0.0249,-0.1265
90.0,0.9984,-0.0262,-0.1434
90.0,0.9959,-0.0229,-0.1290
90.0,0.9923,-0.0257,-0.1251
90.0,0.9975,-0.0240,-0.1256
90.0,0.9980,-0.0255,-0.1276
90.0,0.9944,-0.0235,-0.1321
90.0,0.9975,-0.0270,-0.1290
90.0,0.9952,-0.0242,-0.1230
90.0,0.9926,-0.0257,-0.1202
90.0,0.9959,-0.0238,-0.1219
90.0,0.9965,-0.0237,-0.1392
90.0,0.9933,-0.0237,-0.1327
90.0,0.9924,-0.0234,-0.1310
90.0,0.9937,-0.0215,-0.1271
90.0,0.9987,-0.0249,-0.1299
90.0,0.9956,-0.0236,-0.1174
90.0,0.9929,-0.0254,-0.1217
90.0,0.9963,-0.0225,-0.1306
90.0,0.9945,-0.0271,-0.1307
90.0,0.9951,-0.0242,-0.1234
90.0,0.9961,-0.0238,-0.1205
90.0,0.9944,-0.0245,-0.1144
90.0,0.9964,-0.0247,-0.1190
90.0,0.9976,-0.0252,-0.1315
90.0,0.9973,-0.0258,-0.1536
90.0,0.9975,-0.0263,-0.1505
90.0,0.9973,-0.0282,-0.1334
90.0,0.9937,-0.0259,-0.1136
90.0,0.9948,-0.0241,-0.1195
90.0,0.9962,-0.0238,-0.1281
90.0,0.9973,-0.0249,-0.1301
90.0,0.9972,-0.0266,-0.1351
90.0,0.9986,-0.0243,-0.1364
90.0,0.9973,-0.0252,-0.1289
90.0,0.9931,-0.0226,-0.1248
90.0,0.9948,-0.0221,-0.1174
90.0,0.9957,-0.0223,-0.1239
  90  | 0.996  | -0.025  | -0.123  | 1.0039  | 0.39%
  [OK]

Bai 3 hoan tat. Gui '0' de ve menu.
