=== BAI 5 - VIBRATION SAMPLING (FFT) ===
fs=500Hz | n=512 | T_total=1.024s
Tan so chu dao: 25 Hz (dao dong chinh) + 50 Hz (bac 2)

SAMPLE_START
fs=500
n=512
0.04647
0.11615
0.16389
0.18557
0.17903
0.14279
0.12605
0.07411
0.07949
0.06192
0.02606
0.01296
-0.01184
-0.07579
-0.12594
-0.17152
-0.17980
-0.18290
-0.13418
-0.06126
0.01067
0.07528
0.11900
0.13576
0.12912
0.09699
0.07092
0.04944
0.02713
0.00730
-0.00648
-0.02640
-0.06283
-0.10689
-0.14029
-0.19679
-0.20187
-0.19127
-0.11824
-0.07875
0.01984
0.09017
0.13869
0.16981
0.16313
0.12912
0.11021
0.08290
0.07209
0.04557
0.05101
0.01800
-0.02966
-0.05570
-0.11087
-0.15872
-0.16309
-0.16157
-0.10438
-0.04367
0.04156
0.11114
0.15692
0.16259
0.16804
0.13188
0.11219
0.06849
0.04824
0.02100
0.00908
-0.00972
-0.05597
-0.10416
-0.14763
-0.18987
-0.20697
-0.18673
-0.15284
-0.07334
0.00051
0.07270
0.12667
0.12916
0.13984
0.10934
0.07586
0.04129
0.03513
0.01331
0.02526
-0.00178
-0.04494
-0.08081
-0.11739
-0.16709
-0.18076
-0.16587
-0.11575
-0.05585
0.03888
0.10781
0.18612
0.18112
0.17145
0.15624
0.11351
0.08693
0.05682
0.06214
0.03053
0.01601
-0.01414
-0.07429
-0.12464
-0.16361
-0.18368
-0.18676
-0.13265
-0.07315
0.00637
0.07702
0.13946
0.16068
0.15940
0.11031
0.07000
0.03928
0.03956
0.00161
-0.00087
-0.02298
-0.03772
-0.10511
-0.13719
-0.17505
-0.20335
-0.18260
-0.14997
-0.06508
0.01658
0.07220
0.14818
0.17013
0.14834
0.12637
0.10081
0.07555
0.05916
0.04279
0.03118
0.02202
-0.01765
-0.06073
-0.11206
-0.14801
-0.17179
-0.15091
-0.11169
-0.03589
0.04553
0.09402
0.16051
0.18511
0.15290
0.13145
0.09332
0.06819
0.04640
0.02177
0.02283
-0.01735
-0.04771
-0.08661
-0.13113
-0.19334
-0.20232
-0.19391
-0.16230
-0.08643
-0.00797
0.07023
0.12128
0.14593
0.14953
0.11783
0.10453
0.05443
0.04499
0.03165
0.03035
-0.00290
-0.02472
-0.06239
-0.12919
-0.16293
-0.17448
-0.16640
-0.12172
-0.02759
0.03740
0.12615
0.15842
0.18117
0.18147
0.14669
0.10757
0.07915
0.06600
0.04437
0.03626
-0.00506
-0.02766
-0.07330
-0.12874
-0.17625
-0.19621
-0.17748
-0.12220
-0.07677
0.01012
0.09002
0.13241
0.14715
0.13495
0.11086
0.07593
0.02954
0.02097
-0.00168
0.01199
-0.01187
-0.05803
-0.09056
-0.12642
-0.19054
-0.19162
-0.18342
-0.13956
-0.07322
0.01385
0.08968
0.12633
0.17153
0.15932
0.14134
0.10345
0.10377
0.04836
0.04299
0.04488
0.03844
-0.02179
-0.04525
-0.11756
-0.14132
-0.16996
-0.13996
-0.09826
-0.04819
0.05904
0.09671
0.15063
0.18531
0.15480
0.12657
0.09722
0.06828
0.04533
0.02116
0.01391
-0.00540
-0.03457
-0.09217
-0.15678
-0.18901
-0.21355
-0.18512
-0.16304
-0.07431
-0.00686
0.08443
0.13078
0.14746
0.14335
0.11175
0.08871
0.05598
0.04452
0.02880
-0.00155
-0.00398
-0.01934
-0.06380
-0.12259
-0.16334
-0.18120
-0.15787
-0.11009
-0.05009
0.04454
0.12214
0.15485
0.18133
0.17881
0.15412
0.11139
0.08068
0.06011
0.05278
0.03899
0.01285
-0.03411
-0.08058
-0.11954
-0.17807
-0.18733
-0.18093
-0.13892
-0.06537
0.02574
0.08452
0.12737
0.13612
0.14266
0.11985
0.08159
0.05636
0.03051
0.00349
0.00131
-0.01425
-0.04595
-0.10095
-0.14651
-0.18263
-0.19184
-0.17828
-0.13249
-0.06120
0.01010
0.08403
0.14412
0.17562
0.16505
0.14216
0.09479
0.06809
0.07057
0.05017
0.02873
0.02663
-0.01179
-0.03627
-0.10022
-0.14889
-0.17177
-0.15594
-0.11334
-0.05451
0.04297
0.10791
0.13110
0.16576
0.15405
0.13955
0.09582
0.07656
0.02950
0.01851
0.02087
-0.01574
-0.05507
-0.09901
-0.15283
-0.18493
-0.19964
-0.20837
-0.15197
-0.07868
0.00232
0.08092
0.12557
0.14106
0.13041
0.09985
0.08033
0.05650
0.04605
0.02531
0.03689
-0.00048
-0.03535
-0.07238
-0.13119
-0.16066
-0.19503
-0.15751
-0.11419
-0.04057
0.04048
0.10209
0.15530
0.19536
0.17905
0.14356
0.11813
0.08817
0.07945
0.05858
0.03884
0.00941
-0.00893
-0.07267
-0.13160
-0.17806
-0.19604
-0.18095
-0.12798
-0.05828
0.02154
0.08343
0.13638
0.16598
0.14584
0.12358
0.06465
0.04110
0.02069
-0.00750
0.00226
-0.00731
-0.05600
-0.09544
-0.15284
-0.18949
-0.19973
-0.19589
-0.12827
-0.07972
0.02088
0.08891
0.15677
0.17338
0.14522
0.11829
0.09879
0.07577
0.06010
0.05069
0.04463
0.00864
-0.02825
-0.05786
-0.11311
-0.15249
-0.17569
-0.15918
-0.10063
-0.05599
0.02575
0.11084
0.16568
0.16920
0.15058
0.11569
0.09826
0.05467
0.05964
0.04585
0.01414
-0.00661
-0.04755
-0.08567
-0.14678
-0.18874
-0.19770
-0.19066
-0.13259
-0.09189
-0.00278
0.06702
0.13135
0.14175
0.14413
0.10509
0.08255
0.07476
0.05178
0.01330
0.02121
0.00674
-0.03543
-0.08424
-0.11813
-0.16152
-0.17409
-0.16418
-0.09607
-0.04957
0.03527
0.11640
0.16834
0.17180
0.18548
0.13667
0.11481
0.08245
0.05816
0.05877
0.01678
0.00716
SAMPLE_END

=== KET QUA PHAN TICH FFT (Python) ===
Tan so (Hz) | Bien do (g)
------------|------------
 10.0 Hz    | 0.019 g   (nhieu tan thap)
 25.0 Hz    | 0.150 g   *** TAN SO CHU DAO ***
 50.0 Hz    | 0.054 g   (hai bac 2)